[ 27 70 26 -3 5 -26 -50 8 48 -13 11 -20 -33 17 67 9 57 -28 -12 -40 -11 -54 3 -7 52 -23 -54 5 20 -93 31 -24 -39 -19 -33 11 -28 -13 -36 -5 -9 -5 15 20 -12 -18 -31 38 58 22 -5 2 -14 13 2 42 11 -4 -9 5 11 -36 43 -42 -47 3 -62 -1 32 13 8 -43 13 20 25 4 -8 25 -43 -35 17 -34 1 7 4 -9 23 7 32 7 -11 -15 12 -17 -3 2 -2 28 -4 1 ]
[ 10 -37 -37 17 -12 22 -2 -31 9 0 -3 24 17 -30 22 15 -26 16 18 52 23 41 6 25 -20 51 50 49 8 -2 -32 27 44 42 -10 21 76 -10 -2 58 -46 3 -29 3 -41 81 35 -6 -42 -44 -23 -27 9 -20 -46 15 13 36 9 -7 -4 -31 -56 33 -12 17 14 -3 -22 5 19 36 -30 -73 -4 -5 48 -25 38 29 8 31 2 -1 36 -29 -9 -32 6 -42 16 -24 13 -6 40 -6 40 -8 -4 -1 ]
[ -32 20 8 3 -4 -26 61 21 -14 64 24 -7 10 -2 -29 -38 16 -6 72 -50 -5 53 6 43 10 10 -63 18 -57 4 -26 -1 -24 44 -10 -23 -33 44 41 -60 35 19 10 -14 40 1 11 -26 -73 25 66 5 -14 -22 -26 61 -33 2 -4 16 3 -41 -12 -39 25 0 -45 -47 28 46 -16 34 -5 43 11 -13 18 -28 36 -4 -5 -8 -35 2 -11 4 24 4 -28 2 -39 11 -27 -29 9 2 9 8 -17 -16 ]
[ -32 13 13 40 -16 29 -22 22 -13 28 21 54 -2 31 15 -17 7 27 19 -5 -13 27 3 65 -46 -2 -19 51 -21 4 -16 6 13 5 24 -13 -33 48 41 -45 -40 15 -8 -12 -6 26 38 -50 -36 -54 47 -38 41 -53 -49 8 -18 19 -23 8 45 -74 -57 -48 76 60 -25 48 -2 34 -10 -7 -25 -29 28 -5 53 -32 80 11 2 18 23 4 -10 3 5 -38 -36 -19 5 34 -17 0 11 -1 24 16 21 -16 ]
[ -24 -35 18 -17 2 22 -44 -53 52 -8 -32 14 11 -28 65 -8 21 -32 38 -13 31 53 12 19 15 14 5 -9 65 -51 -12 66 8 -38 -62 -31 46 -20 10 62 -35 -3 29 -48 -34 -16 -17 -10 19 16 -8 24 -28 -15 -34 17 22 68 -30 -24 -13 -10 -7 14 -58 17 32 -36 18 -18 -4 32 -6 27 -24 7 -7 -3 -28 -3 9 -41 -15 3 11 -22 -6 19 9 -11 3 0 -19 -5 8 -5 -4 -8 -32 13 ]
[ 35 -5 10 -59 -6 6 -41 -56 24 -19 -2 -6 -14 -13 41 -6 0 -53 -14 -32 9 -25 -22 -10 40 41 22 -43 29 -14 50 6 -21 -110 -33 -58 -27 -10 -2 51 47 -37 38 17 9 -30 12 11 20 -7 -22 19 -17 17 57 -26 48 23 -28 -54 -71 100 37 -4 -64 -25 14 -19 -27 -37 11 -18 -14 45 -15 18 -35 66 -79 16 -3 -20 -38 -10 6 24 -27 -10 1 23 18 -28 -15 0 -37 17 -33 10 14 32 ]
[ -62 -64 -8 -8 26 -9 24 -5 44 37 -22 42 7 29 -59 -4 -7 5 -11 35 25 6 -12 18 -24 -55 7 -39 -7 31 9 -4 84 -6 28 -7 -46 15 47 -30 18 53 1 -19 13 -68 -9 -32 2 44 -39 0 -7 -4 1 -64 18 -23 -1 24 14 7 -10 46 49 24 73 23 -36 -36 -29 -13 28 8 0 6 -29 -14 38 -37 -19 -15 58 3 8 22 -21 57 -26 11 -4 2 -12 7 -1 -42 -21 2 -9 -12 ]
[ 46 14 64 8 -9 48 -87 -8 -16 -71 -6 -4 -27 36 54 -39 15 18 -47 -2 -58 -33 -28 6 -71 -32 59 -14 4 -14 45 17 32 -32 -17 -52 37 12 21 23 18 -6 41 -16 -22 -13 -26 8 35 -2 19 -4 37 31 90 -33 -13 41 -10 -46 -15 61 -6 -35 30 -1 48 -11 29 -27 -3 -50 -13 13 -23 9 -15 21 -14 17 -36 1 -34 3 -45 5 -11 17 0 41 22 7 -10 4 -25 12 -3 17 9 16 ]
[ -23 8 -68 2 15 10 6 26 27 14 -32 58 -44 40 38 61 -41 39 -32 23 29 -32 21 -37 30 88 23 10 -12 -24 3 -68 46 -23 -11 8 -41 20 22 58 4 -3 -49 34 -29 93 -2 30 -14 -84 -64 -38 13 10 8 -29 40 -45 4 -18 -8 -12 -16 -6 -15 36 -29 54 -64 -34 -31 -33 11 -45 32 5 -7 25 29 53 13 18 47 -4 23 -8 -22 -60 -4 -48 24 -44 26 5 7 -9 12 -7 30 7 ]
[ 54 -14 -45 53 6 -40 14 -20 13 -4 15 -4 3 -21 -65 1 6 -25 3 69 17 -1 -6 -53 36 -51 -2 52 -20 32 -3 21 32 8 43 118 -3 -54 -69 36 -26 10 -43 52 -10 -50 11 -13 5 18 -61 0 -15 15 -19 1 -33 -15 37 43 31 -10 28 50 -42 0 23 40 3 37 -6 25 31 -84 24 -13 21 -13 9 -33 11 27 16 -11 66 -9 -3 -41 -9 -4 6 -26 50 36 17 -5 15 -12 -22 -15 ]
[ 34 26 -1 -6 37 13 -11 37 40 -7 -19 65 -52 63 -4 14 21 -35 -99 31 -25 -122 -4 -37 -15 22 -5 8 -38 -26 61 -52 6 -30 22 28 -53 -2 -10 -39 -3 8 -13 15 -17 21 -7 47 59 -10 -53 -26 -15 19 46 -29 16 -67 -2 -1 -9 55 29 -14 45 29 -12 32 5 -29 -55 -84 -7 -20 -1 8 -22 29 18 36 -19 -43 18 13 -33 11 -19 10 -51 39 -6 20 57 -16 -16 -18 10 24 23 6 ]
[ -12 -26 30 0 -4 -23 -5 27 -1 19 -12 40 -28 56 -51 5 -5 10 27 -15 15 -18 25 -1 -64 57 4 28 8 -25 -21 -9 -11 -14 18 -34 -21 15 -17 -60 -24 7 22 -7 -12 -22 30 -41 -30 -19 -16 8 -2 -22 -59 -11 -8 -13 -2 32 35 -7 17 0 30 49 -18 22 -30 -11 -45 33 -20 4 -28 -3 4 -46 14 10 -12 -50 36 7 -31 8 15 37 -39 -16 -26 30 16 -3 0 -31 8 -8 18 -3 ]
[ -27 17 -28 49 -18 -42 17 5 -9 38 20 28 -4 -28 -25 -16 2 0 79 -35 26 27 8 26 -10 49 -45 12 15 -23 -21 27 -33 -6 11 12 -33 3 -6 -32 -52 -21 35 -40 -16 -99 38 -43 -16 -15 31 31 -41 -42 -37 -15 -4 0 -8 55 -2 -46 53 -10 -34 -10 -27 14 27 53 -30 49 -6 33 -23 -6 -8 -30 -19 -19 30 -26 -44 2 -20 -14 38 57 -50 -12 -44 40 1 31 -15 7 0 -4 -23 -18 ]
[ -9 31 -41 30 -3 37 -24 3 -20 -25 22 0 -67 -23 3 -4 -27 18 -17 26 -47 -18 -34 63 -23 -1 28 18 -17 17 -2 1 90 1 -23 23 22 25 54 39 -49 12 -40 15 -4 39 13 56 24 -81 -9 -58 54 -11 58 -34 22 -36 16 -17 -37 -2 -54 3 15 1 19 37 -1 -8 0 -29 -13 -28 11 5 -12 25 29 -2 1 53 30 -10 -18 -5 -43 -22 -5 -6 21 -30 -13 7 4 7 -5 -7 -13 10 ]
[ 50 4 48 -64 -48 33 -48 -30 -1 -62 63 -41 17 -19 29 5 23 -14 -12 20 -36 -22 -58 42 43 30 -21 13 19 2 29 36 -8 6 -32 1 64 -51 -16 47 -28 -29 -16 17 0 67 10 49 10 -32 13 -43 -9 20 -30 65 38 54 -4 -34 -15 1 -44 24 -17 -16 -27 -17 48 -16 77 -15 -7 11 20 -2 36 50 -57 -43 -9 26 -4 -12 32 1 -12 -9 77 27 25 -23 -13 -44 19 43 -6 11 5 29 ]
[ 50 9 -5 -29 -43 -15 41 7 -68 -56 31 -63 0 -17 -43 5 -8 39 -42 19 -63 -35 -13 27 -92 47 12 -44 -14 64 3 3 44 22 17 -3 49 1 37 -13 -2 -17 11 -15 3 -26 47 17 9 -39 -11 -57 -28 6 71 -46 41 -21 23 -41 -33 68 -11 16 27 -71 42 -34 36 -31 42 -25 -14 29 -26 11 -30 20 -22 -15 -10 26 -4 -14 -24 14 -19 61 11 56 -10 -2 -20 -18 -10 9 -42 -10 -5 12 ]
[ 63 -61 -46 -45 -18 17 19 -9 38 -30 22 29 20 -27 0 -31 -5 -15 28 68 42 -17 1 -43 22 27 64 -24 -51 85 85 -5 78 -53 7 33 11 -40 4 61 42 2 -1 7 -17 6 2 -4 -14 -6 -40 -13 -43 35 52 -3 16 12 15 -29 -57 91 -21 51 -7 -46 71 -34 28 -16 -38 -10 4 -5 -11 3 10 28 2 37 -35 1 -42 -15 29 28 -15 -13 -49 48 3 -15 10 -23 1 16 1 6 14 9 ]
[ -1 47 -8 78 -31 -33 -6 -24 -47 -36 3 -9 8 0 -33 -37 -25 10 17 -8 -3 47 2 -24 16 6 -18 52 12 -55 -27 9 1 35 -2 45 40 9 20 4 -12 -17 -26 -19 -20 -62 -19 -10 -31 -1 0 -9 -31 14 7 29 -67 42 9 26 9 -41 18 -8 -36 7 -34 -8 64 19 15 34 20 -2 -8 -18 -2 -27 -38 -42 20 31 -78 -1 46 -47 20 43 34 -25 -20 -36 15 19 14 16 39 -19 -42 -14 ]
[ 33 5 -36 55 6 5 -5 -5 -25 20 -37 -18 -35 -15 59 13 -10 38 14 -22 -15 28 -12 -10 -72 12 47 1 -20 -31 -8 12 21 22 -15 9 -16 32 -12 59 5 -27 25 -4 2 9 20 -10 -21 -12 -20 11 9 7 23 -70 5 31 -7 -4 4 -38 35 -55 -47 -8 -4 40 -48 3 29 4 1 -63 -3 22 8 28 12 13 -5 -1 -25 -6 -2 -41 -15 -40 1 -32 32 -24 -1 52 -7 -1 -11 -2 -27 12 ]
[ -35 -36 38 6 -4 5 44 16 -41 -6 -13 40 44 -31 -51 -21 -22 3 25 35 51 66 25 -23 34 26 7 -24 18 29 -25 43 -34 14 34 -40 34 -61 0 1 -4 -15 -36 -57 -32 28 -29 -50 -40 -21 24 4 -12 36 -79 35 -41 5 -10 12 10 -12 -42 37 45 14 11 -30 15 -1 -15 47 9 10 -18 -22 11 -50 -7 39 1 23 -6 -1 25 -10 24 5 -19 -32 -7 26 -2 -18 13 5 37 -48 -8 0 ]
[ -27 17 -19 -8 77 1 -30 2 87 -22 -64 35 -25 -4 43 22 3 -33 -32 -16 31 -41 44 -25 28 -39 47 -1 -13 -46 38 7 48 -60 -35 38 1 -5 1 32 13 6 27 -44 4 -29 -85 68 93 55 -43 75 -8 28 84 -6 -23 -35 6 0 -28 40 46 28 -46 11 49 -10 54 -26 -65 -13 16 27 -29 11 -61 25 -23 -8 -8 -69 -29 3 -18 -16 5 40 -32 50 -14 17 21 -7 -18 -9 -13 -12 -47 11 ]
[ -6 -29 -25 -9 12 12 33 47 -23 11 -37 -68 -48 3 -39 -8 -5 2 18 -31 -13 -17 4 -26 -46 -20 5 27 -24 -1 -48 -42 40 82 -20 -34 17 48 15 -2 25 28 3 60 28 81 -19 45 -55 38 -33 -13 35 4 5 19 16 -22 8 -16 -4 7 -31 12 20 -10 -6 -50 -56 -4 -5 36 -22 -4 -33 -5 0 -16 39 39 -28 3 45 4 -42 4 -30 36 36 -41 2 -49 -1 -13 33 -16 5 -29 -27 12 ]
[ 4 62 16 29 32 18 54 43 -29 -5 -21 -36 -27 -5 -27 -18 26 -44 -42 -58 4 -42 37 -12 10 -59 -37 17 -36 -9 -15 3 -29 41 13 37 -18 38 8 -35 15 10 -6 11 22 21 -44 59 30 29 18 16 8 2 6 36 -37 -43 -26 -28 -4 -5 24 -48 23 26 -11 -23 41 48 -13 1 -6 17 -5 4 -10 9 7 15 4 -40 -45 1 -33 -10 2 -17 -34 2 -22 23 25 -12 -11 -6 -4 -8 -68 1 ]
[ 5 32 -18 17 12 -31 -23 27 30 -8 23 39 -57 18 33 5 5 18 37 8 0 -41 -6 32 -3 9 -43 12 -15 -24 12 8 20 22 21 0 -7 -23 -5 -2 -19 26 34 -20 -31 11 -5 4 18 -34 22 -1 0 -6 0 12 23 -40 12 29 18 -10 -2 11 22 3 2 1 19 44 -30 -37 8 0 3 -16 8 -27 64 21 -4 3 23 13 -46 17 7 42 -21 30 3 18 -6 -10 1 3 16 -4 5 -12 ]
[ -53 4 28 51 44 28 23 63 -51 2 -62 25 29 2 -2 33 0 52 -28 18 -39 50 38 -37 -51 -18 25 -53 43 48 -49 34 22 -31 21 -35 21 -11 24 16 -23 -20 6 -64 -8 -41 -26 -36 56 -24 20 78 52 -4 46 -89 -31 -34 17 -6 41 8 21 -14 21 2 52 61 -13 -18 -62 9 37 0 -14 3 -47 -25 14 44 18 33 19 -1 -41 -18 38 -32 -42 0 17 68 0 57 -36 0 -19 -28 9 -12 ]
[ -16 -16 -8 -5 10 19 7 -6 -9 64 6 26 5 29 30 -10 -14 7 7 -48 4 36 -27 -24 6 17 -39 -22 -43 27 9 6 -50 -10 -25 -12 -72 43 24 -14 49 -11 21 6 17 -47 -6 -38 -36 9 37 6 -47 -24 -19 -11 -3 10 -39 -1 0 4 49 -54 -15 14 -10 26 2 8 -41 25 20 38 28 5 -1 27 6 19 -15 -53 -50 2 -17 25 2 -47 -68 17 -17 19 -18 44 -46 -1 -29 23 20 -12 ]
[ 6 -1 -39 9 -46 -17 19 3 -13 11 32 -26 21 -3 16 -36 22 11 116 -14 -4 39 -13 15 -66 -25 7 8 -17 55 -4 -12 35 -19 39 -50 -41 29 7 -9 53 23 92 25 10 -46 64 -75 -84 35 40 26 43 -35 57 -13 -20 46 11 -8 37 35 -15 -13 11 -32 47 -3 -38 101 3 9 -2 11 1 -8 40 -21 65 31 -3 37 -35 -5 -8 40 12 -25 -34 11 15 -10 -35 17 -13 23 3 12 27 -29 ]
[ 35 2 -13 -33 -12 -5 13 5 50 16 5 -18 -13 34 58 10 17 0 -27 -13 2 -49 21 -32 59 74 -39 -9 7 -45 30 -50 -1 65 -34 19 40 -6 -13 16 25 15 -9 42 0 55 2 57 13 -30 -36 2 -55 21 -46 54 67 -17 11 -5 -9 8 34 -5 -23 11 -75 -23 24 -22 -8 -25 3 -12 15 2 20 14 0 21 -21 -55 -24 11 5 -17 20 -5 28 16 -12 -31 40 -51 16 -21 23 28 10 12 ]
[ 6 51 13 33 -28 -27 -27 52 -11 -27 -1 -61 -10 54 65 10 37 85 5 -78 -19 -8 39 -4 -38 -9 -23 18 -16 -40 -17 -44 -16 78 -12 -32 -7 43 -4 -65 11 -14 42 -17 6 -11 -33 -20 -9 12 64 -13 10 3 -4 38 -21 29 15 -7 34 -67 29 -50 -1 -23 -49 -38 32 43 15 -30 10 37 8 -5 -3 -21 -3 -34 12 -16 -14 18 -60 5 38 66 51 4 -36 5 -4 -7 22 17 -6 8 -24 -9 ]
[ 37 5 55 -10 -29 0 27 -4 -59 -7 46 19 42 70 -74 -24 -30 10 -51 31 -43 -3 -10 22 -65 -27 -19 -2 -42 69 13 -23 3 -20 47 -20 -3 45 48 -48 78 37 -21 55 38 -18 34 -40 -31 -20 35 -12 19 -30 54 5 -20 -9 -6 -30 10 65 -41 -38 72 30 6 -3 -4 -27 5 -25 -17 12 13 -8 41 -3 33 20 -26 65 -33 -2 -1 37 -14 -45 -3 45 17 -8 -21 -16 0 6 -5 28 62 -18 ]
[ 33 -26 14 -31 -12 41 -23 1 -35 -17 2 21 26 -14 7 -41 -8 -31 -9 -1 43 -20 -7 -3 6 -3 46 1 1 41 46 11 -91 -52 52 -41 -20 -12 -26 -29 10 6 23 -9 -34 41 37 -27 -23 0 34 -8 48 3 -8 -6 2 16 -31 -22 -15 61 -57 -13 75 3 31 -5 -20 17 31 -21 -46 -8 -20 11 36 -15 21 33 -27 -21 -4 -7 -18 29 -7 -19 -28 12 11 47 13 -16 -11 1 33 1 37 14 ]
[ -22 8 -36 -15 14 -44 32 7 16 77 29 -20 -12 -7 -64 34 -6 -4 -44 -25 -9 -31 -24 16 -1 22 -61 -7 -13 -43 -29 -22 -58 51 -18 54 -33 -4 -26 -67 -24 41 -10 17 46 -55 32 42 2 17 -26 13 -29 -33 -38 3 26 -64 5 69 -13 -23 58 27 -22 15 -37 11 20 -12 -5 22 -11 32 3 -2 -30 -9 -24 -78 13 -66 36 13 -30 -1 6 54 0 26 -61 29 41 -3 20 -37 -24 3 -21 -2 ]
[ 22 8 -46 40 25 16 -25 50 -29 -6 8 -28 -28 -5 17 28 14 24 -41 -4 -15 -31 -10 -2 -36 -76 35 -9 -7 -22 9 -16 20 -24 22 43 -49 2 -24 -3 4 14 -7 45 -8 2 -36 5 27 -3 -45 -26 58 -4 47 -54 -16 -28 -2 8 31 -36 1 -34 -2 7 21 60 -36 -6 23 -10 -3 -40 9 6 -10 15 8 -14 -3 17 60 -5 7 -10 5 -27 11 -21 18 -10 8 40 6 -19 -8 3 -1 -4 ]
[ -77 -16 -10 4 -5 40 -48 -71 2 -10 -23 38 4 -14 -5 6 -70 -24 -47 17 16 20 -73 35 -12 -21 -4 -26 40 30 30 22 -13 -34 16 -11 -22 11 47 -32 -37 3 5 -50 1 -68 16 -26 54 -29 0 -3 -9 -60 -8 -102 21 7 -37 18 -36 35 -2 23 15 6 22 67 -38 -22 30 -35 13 1 -5 19 -12 25 -1 -33 14 21 -16 10 3 19 -53 24 -7 -8 37 9 -30 49 -37 8 -17 0 9 -2 ]
[ -52 -37 -13 78 35 12 15 -46 29 79 -5 56 40 -23 3 1 15 -26 -3 31 26 72 6 75 23 -53 6 8 16 25 -26 63 40 18 19 16 -19 9 -10 -1 -46 12 -37 3 3 -43 24 -51 12 28 14 29 37 -20 -71 -37 5 36 5 53 35 -98 20 4 9 54 18 73 -47 27 -11 27 2 -76 14 -18 27 -20 31 -34 17 5 -9 0 29 -24 25 -41 -36 -24 13 4 0 33 14 -13 25 26 -16 -23 ]
[ 25 7 -9 7 22 62 1 -15 38 27 14 -20 -28 -46 -18 14 19 -19 -81 49 -26 -40 -53 62 -29 -31 27 -25 -10 -1 33 -2 31 46 -5 5 -12 -33 -18 -16 -28 10 -43 22 27 65 46 30 37 -13 -24 -34 81 10 -2 -73 32 -27 -3 8 -40 -26 2 -21 42 -15 -18 34 -81 -13 27 -59 -32 -83 14 7 13 31 17 -8 -6 29 27 7 4 -7 -26 -31 3 -17 29 -9 26 -5 17 -7 9 39 -11 18 ]
[ -7 -19 36 -53 21 -25 26 32 7 26 22 -26 12 4 -27 -10 10 1 29 8 -28 0 -12 -13 58 -19 -11 -43 -9 46 10 0 5 -26 -26 -27 -32 -26 -32 18 61 7 2 19 71 -4 -22 17 -8 20 8 79 20 47 15 35 9 -9 16 38 -25 18 5 32 -4 -21 -2 -12 19 -45 -26 24 10 58 -6 -30 -14 17 -31 -11 -30 16 18 -11 -19 21 27 -33 9 45 19 10 -37 -42 -4 19 -19 2 43 4 ]
[ -3 50 22 -41 3 -24 28 -11 -19 12 -30 -58 -49 -13 12 54 -18 1 37 -79 13 -23 36 24 -25 39 -18 -33 -13 -46 -16 -6 -33 3 -52 -35 41 43 19 55 36 5 50 -13 53 33 11 63 28 -7 -5 78 0 -11 40 -23 29 -23 -1 -28 -49 26 63 -39 -45 -15 -19 -56 -13 -18 -8 21 -16 49 -20 22 -55 9 -7 1 5 -52 -23 -13 -58 -13 -3 15 12 7 -8 -11 -25 -17 -15 1 -45 -6 -47 29 ]
[ 17 47 -20 -4 4 22 -31 -6 -27 -56 5 16 -44 -7 86 22 -41 5 5 -24 -5 -36 7 28 28 9 15 9 -4 -26 38 -19 -14 -10 -29 4 41 1 12 -10 -14 -38 -38 -32 6 63 -57 37 67 -57 27 -40 -5 7 44 30 -15 -24 26 -14 -37 -15 -14 -31 -20 -30 -57 -8 0 -26 -2 -43 -10 9 7 2 -22 19 -13 32 9 20 -7 18 -39 0 -3 21 24 10 3 -21 -35 -15 4 39 4 11 11 5 ]
[ -14 53 7 -20 14 -44 13 -24 11 26 14 -4 -18 -16 6 -20 8 1 -21 -24 -16 15 -20 58 38 -25 -76 2 -70 -10 19 15 11 -1 -7 -29 -58 10 79 2 56 1 11 -19 49 -48 -3 -8 -5 1 6 -24 -9 19 28 44 22 -46 -32 -8 -21 18 -21 -15 34 -19 -35 -35 42 4 11 -20 -4 54 49 9 2 27 9 -41 -25 13 -1 -8 12 8 -5 34 1 41 -26 -43 -42 -31 -15 1 -5 -9 -53 18 ]
[ 84 35 -14 6 -6 -19 1 -9 32 -19 25 -22 -57 -5 49 -24 47 -17 59 19 8 -21 50 -9 38 22 8 -21 35 -84 23 27 46 -14 -45 57 33 -35 5 87 18 -12 32 -45 -27 5 -11 29 43 -41 -48 -2 -33 22 21 22 23 -7 -4 -24 -24 11 37 -43 -60 -3 19 -45 37 -9 -31 -12 -7 -11 -3 16 -19 7 -1 32 -10 -40 -31 -2 -6 -37 1 -18 -28 2 -4 -13 16 -16 -1 -41 6 17 -41 16 ]
[ -29 -55 -41 -12 -14 29 51 -4 39 61 -13 15 17 -12 -1 -4 33 -9 56 4 24 71 6 1 15 63 -52 -44 -23 52 3 26 31 -22 -61 -10 -31 29 65 62 30 28 4 -23 48 19 2 -22 -44 -12 22 20 -41 -36 14 -7 20 31 -4 -26 -47 15 16 -34 -28 5 23 -58 13 1 -86 14 7 39 2 -9 -24 12 45 41 -7 -14 -38 -6 -22 10 -14 -25 -55 22 -9 17 -9 -16 26 25 -31 4 -30 19 ]
[ 26 34 -48 45 6 27 -44 8 47 -30 -15 59 -16 55 94 14 25 9 -60 27 -16 -30 25 9 -5 -15 7 13 20 -54 36 -46 31 31 -41 43 31 35 23 -31 -34 8 -26 5 -56 -13 -12 19 68 -22 -11 -67 -26 -27 38 -8 23 14 -3 -26 4 -26 -4 -31 7 10 8 22 35 -25 1 -84 8 -37 21 15 -1 3 43 -17 -3 -40 -28 18 0 -21 3 22 -8 39 -12 -35 10 -14 16 -29 31 57 11 -29 ]
[ 15 2 -28 -24 7 -22 24 -28 2 39 5 -27 -4 -22 27 12 2 -16 27 -41 -8 23 8 -27 18 -37 -8 -42 -13 44 -16 0 14 -59 -44 50 -45 22 -6 55 10 9 1 64 7 -63 -3 10 12 51 -29 -9 -29 -18 38 -31 16 -8 7 -14 15 -11 44 -29 -70 -20 22 31 -14 -13 14 14 48 -14 33 16 -12 29 -22 -48 -1 -38 32 -24 24 3 -21 -73 12 16 3 -32 -24 42 -23 -18 -57 14 9 -7 ]
[ 18 49 50 39 -5 31 -46 35 -10 -55 -63 8 -45 52 22 -32 30 -3 -51 -12 3 -11 57 -95 1 -34 32 -20 7 -25 33 -23 -40 -62 -41 0 -16 -15 -34 -11 -37 -10 -51 13 -40 -34 -52 -1 70 -9 -17 -10 11 56 16 -17 -65 -2 -2 -13 23 -2 20 -57 4 30 -22 38 38 -36 -55 -60 31 -8 6 12 -18 9 -30 0 -22 -52 -2 -7 -21 -19 -13 -47 -19 -1 -14 -8 36 12 -23 -13 8 -9 6 12 ]
[ -9 28 13 -24 6 12 0 -8 9 16 -2 44 2 18 4 -19 15 -9 -46 -20 -15 -39 1 -48 86 64 -52 -15 -38 24 21 -5 -59 -60 28 5 -78 -12 -7 6 5 -12 -22 -10 38 34 3 9 -3 -48 44 -4 -31 33 11 8 -4 -24 -3 -3 -18 40 39 -8 20 7 -48 8 31 30 -50 -54 12 18 23 -9 -14 41 0 43 5 -5 25 -8 -9 24 -12 -48 -30 26 8 64 32 -7 -31 40 -13 3 23 31 ]
[ 8 32 -27 54 -3 -12 -11 -22 -53 -8 -26 -55 -18 -5 -28 8 -25 49 -3 -4 6 57 38 -13 -26 -13 48 50 -15 12 -69 38 -8 45 -11 29 50 14 -9 2 -33 -17 -13 -10 -1 -20 23 -19 -12 -18 8 -10 34 17 -25 -10 -40 -14 16 7 44 -13 7 0 -4 5 23 24 -10 38 -3 49 7 -50 6 12 11 -33 21 -35 5 -21 -4 -13 -4 -18 -9 -20 -14 -24 -15 -25 10 23 0 -29 6 -46 -51 4 ]
[ -48 50 -23 -13 27 -63 3 6 41 6 3 0 -49 -23 -16 62 -29 26 18 -32 43 -43 5 15 16 -11 -12 -25 47 -87 -28 -43 -1 3 -16 5 -6 -25 -22 -21 -12 34 28 13 -11 -56 -32 27 46 16 -26 24 8 -23 3 -25 20 -84 5 40 -5 -15 60 10 -62 2 -29 7 -61 20 -1 16 22 28 8 16 -31 -12 -36 -50 40 -14 46 11 11 2 28 68 31 -59 -31 -28 0 -4 -8 -25 -16 -17 -42 -7 ]
[ -18 64 20 33 18 -12 -9 33 37 14 45 8 -33 19 13 59 28 43 -29 37 -16 -24 -34 46 41 -2 -11 -8 1 -65 -1 0 34 44 -31 30 6 -56 -24 48 -23 -5 -40 28 -48 69 -42 45 30 -29 -7 -10 61 14 10 -13 -17 -36 30 30 13 -98 14 -28 -21 10 -18 34 -11 12 -15 -33 32 -30 72 -22 -23 6 9 -13 29 55 38 -10 34 -28 39 -37 5 -46 3 -19 18 -6 -7 8 12 25 7 -21 ]
[ 20 -35 -44 -20 -23 24 14 -32 -25 -34 -2 -68 -2 -9 -25 -1 -14 -38 -33 -17 -13 -8 -18 -7 -5 -11 43 10 49 63 -31 -23 46 -31 19 30 0 47 5 -24 5 -2 6 64 60 -27 48 -13 6 -61 -74 -15 15 -46 8 -54 17 3 5 -41 -31 76 -7 7 -18 6 20 60 -64 -10 57 -3 -21 -50 -2 21 -1 33 7 15 -9 27 21 -8 37 20 -59 -70 4 -9 34 -23 -5 13 -19 -23 -29 2 0 17 ]
[ -49 -14 -52 -15 17 13 -18 -67 36 42 7 53 -5 30 31 46 -36 -12 -40 -3 48 -47 6 28 -4 19 -6 -18 53 -76 -31 -30 -45 17 9 -10 -8 23 -34 -28 -14 17 -6 29 -13 22 26 7 6 -21 -27 -9 10 -26 -51 -5 30 -26 -7 50 22 -28 21 34 7 53 -19 45 -61 3 -5 -6 -36 -7 1 -10 -2 -13 26 45 24 -34 34 22 -3 13 -10 3 -12 -14 0 7 8 10 -4 -33 10 32 53 -13 ]
[ 23 -72 40 30 -13 51 -68 -54 35 -51 -48 11 28 15 62 -28 27 -22 -47 33 2 -4 -21 -56 7 -76 14 19 38 46 3 47 -7 -12 9 1 16 -27 -55 70 -19 -30 1 8 -17 -19 -14 -36 40 2 9 3 -33 36 -29 17 -2 51 -33 -39 0 18 -13 1 -1 15 43 -9 32 6 6 -24 4 -33 0 2 7 16 -2 36 1 1 -5 6 -5 -11 -47 -42 3 -2 41 11 22 19 9 19 -3 -10 -16 10 ]
[ 60 49 -17 34 -24 -103 11 73 -8 18 27 -15 -56 4 -14 -17 14 25 70 -57 13 -3 24 -14 -26 15 -25 12 -88 -4 30 -55 28 -34 28 -16 -69 40 12 -28 59 14 31 22 40 -53 12 -27 -52 -21 8 10 1 12 61 3 -12 -32 30 24 -9 -11 31 -32 -6 -27 -38 -12 29 26 -25 -16 21 15 5 -8 -11 -20 30 -6 -9 28 -11 -11 -7 10 30 48 -16 27 -30 -17 2 -9 22 14 -12 -16 -8 -4 ]
[ -42 -44 -9 69 13 8 -59 3 9 50 -40 79 -18 14 44 19 -2 49 -16 -4 -7 31 -11 -8 -13 0 22 -16 42 -5 -22 -2 44 -44 16 -92 -90 29 17 87 6 -39 12 30 -9 -41 5 -77 -38 -48 -11 21 57 -4 21 -70 34 -3 -26 -13 -13 -7 30 -23 -12 37 15 43 -92 -8 -44 13 -11 -29 17 0 -17 1 9 56 10 58 29 3 -22 9 -2 -46 -24 -45 26 -2 4 74 -11 8 1 -9 6 7 ]
[ -19 36 7 58 26 -20 -44 -43 53 25 -3 -30 -54 -9 36 -40 9 12 -13 14 -48 19 -41 64 -50 -94 -19 24 -14 -62 -6 20 63 47 -45 29 -14 25 21 -14 -31 61 -9 -24 17 -30 -1 7 34 29 5 -36 46 -10 24 -14 -22 -9 24 60 23 -86 -2 -49 16 9 -36 31 0 4 8 -47 7 -51 36 -4 10 -7 60 -53 -18 20 42 14 5 -32 1 10 9 -17 10 -25 -18 13 3 -32 6 34 -18 -9 ]
[ 57 18 39 3 -31 15 -24 14 13 -32 47 -78 31 -5 56 -8 69 21 -18 -13 -23 -15 9 44 -21 -64 -37 12 -21 -13 28 26 35 41 3 23 11 -10 -8 30 10 3 8 36 28 31 -21 35 15 16 9 -9 8 18 -4 73 11 42 -14 -27 50 -63 -1 -43 13 -10 -20 -18 44 41 35 -3 -12 -8 27 -10 61 36 -14 -28 -20 1 -14 -1 14 -10 28 -14 47 38 16 -17 -14 -27 24 24 -21 24 -29 7 ]
[ -36 3 -1 -41 56 -41 5 29 10 21 -22 -55 -49 -6 -14 49 -6 -4 7 -17 -11 -14 -2 -5 12 3 -19 -26 21 -52 -19 7 -15 10 -42 -34 0 -40 -19 15 42 29 27 -6 15 29 -58 61 12 61 -43 42 39 27 20 10 12 -50 13 23 7 26 40 29 -31 -4 9 -29 -41 -19 -19 44 16 46 -8 -14 -47 -12 -8 -9 -12 -38 53 7 -23 11 19 37 26 5 3 -18 -18 -22 -1 -14 -2 -34 -18 15 ]
[ 69 12 -4 10 19 18 -3 -10 10 -13 2 0 -26 13 -5 -10 41 -45 -81 5 -6 -43 4 4 -13 -51 16 -12 0 -19 14 11 22 -43 32 23 -52 4 -9 -23 13 -19 -17 10 35 18 7 -3 33 -14 -35 -30 11 16 17 -38 5 3 -28 -38 4 6 9 -36 36 31 32 24 -35 -23 25 -63 -21 -53 12 3 -22 34 19 23 -1 2 12 10 7 -1 -45 -13 -17 14 23 3 9 -5 0 -27 -32 11 -23 17 ]
[ -20 -47 -2 -21 0 26 12 -13 44 27 -33 -26 22 -8 62 -19 -3 13 2 -40 6 30 12 14 -8 -17 -16 -22 22 2 18 1 -2 35 -19 -29 -4 56 10 20 51 20 23 10 39 36 14 -1 -11 -2 22 34 -21 -40 -12 1 51 41 -38 -42 -16 -10 -13 -33 -9 -3 -10 -18 -23 -11 52 -17 -13 -2 7 19 20 34 42 30 -17 -13 -15 -1 11 -12 -4 -37 19 -4 42 5 -43 -16 -3 -14 -25 29 7 13 ]
[ -3 57 -2 -11 -33 -21 8 -24 12 13 46 44 -42 8 19 11 16 -22 1 -11 7 -21 2 77 -29 40 -8 -30 -4 -86 19 -31 -3 -41 -15 14 -43 25 27 -35 -9 24 -3 -4 -16 12 -2 -3 -1 -32 -22 -59 -36 -32 -26 9 -8 4 -37 3 5 -63 -2 -61 20 68 -47 10 9 -7 17 -30 -33 -9 13 3 18 9 -2 -17 24 -16 -8 13 16 -16 1 -19 -15 -23 -18 -1 -26 -48 13 -29 1 19 3 -3 ]
[ 13 10 22 -18 -28 2 -96 -31 31 -46 -37 -23 -50 35 76 10 5 -15 -46 -18 -26 -5 8 -23 11 73 9 22 46 -66 10 -53 50 -53 -62 -46 73 41 56 37 -48 -22 0 16 -38 27 -1 38 39 -63 -63 -31 -23 -23 13 -13 57 36 -4 -59 -17 40 -5 5 -30 5 -35 2 -4 -65 -15 -24 1 -12 0 18 -14 19 -19 19 7 3 7 12 14 -16 -34 6 44 -31 6 -55 6 0 -1 -23 -4 -10 17 22 ]
[ -18 -12 -69 40 -14 -61 51 -10 -1 -11 -28 -78 27 2 -54 -25 -34 47 26 -29 45 7 40 -39 -19 -42 23 13 -52 48 -6 -48 45 48 51 62 0 48 16 -1 49 32 21 37 7 -40 2 -8 -64 72 -25 18 -7 18 50 -18 -50 -18 35 23 37 4 22 7 22 -55 18 -32 18 47 5 27 23 -9 -2 -5 2 -43 45 -21 -13 12 -22 -17 46 -9 5 49 20 -6 -15 -34 8 10 -8 -8 17 -23 -14 -25 ]
[ -10 -19 4 -8 48 76 -23 -2 8 -23 -24 -9 -19 8 12 27 25 -52 -42 16 -50 -26 -28 -35 38 -14 -20 34 63 -1 -45 34 -13 41 -65 46 80 -14 -36 39 -64 -26 -24 19 -13 63 -39 79 64 26 -12 7 20 6 -32 21 5 -7 4 5 20 0 23 20 -16 26 5 15 34 -17 -30 30 2 -18 -20 -11 -16 12 2 12 -7 -35 -8 0 -30 -35 0 -30 1 -13 2 7 42 18 -9 0 23 6 -21 0 ]
[ 15 45 -45 11 -5 -49 55 66 19 -16 27 -6 -6 25 8 42 17 44 12 4 5 -62 14 -25 2 14 -74 3 6 24 -3 -48 39 25 21 45 -27 -7 -7 13 -20 28 2 62 -54 -62 -11 30 5 37 -39 -13 -21 18 5 23 57 -42 12 8 67 -47 30 1 -19 -13 -12 43 9 45 -19 4 48 20 26 -14 16 3 -15 -29 13 -6 14 -1 17 2 55 24 15 22 -27 -22 8 2 -8 16 -2 8 -2 -38 ]
[ -17 0 -14 -18 25 -14 64 3 18 49 -9 23 -10 -63 -44 -27 15 -49 0 40 -10 9 25 7 21 -29 -9 -58 -42 20 1 -20 17 -31 -16 -10 -38 -11 38 19 8 11 -24 -18 33 -25 4 23 12 27 -20 -7 -16 18 55 4 21 -61 3 4 -59 48 -12 49 10 -33 37 -65 31 -32 -40 -20 -21 49 -23 4 -40 14 -15 6 4 10 25 -7 -26 10 -46 6 -38 17 -28 -10 -5 -5 10 -16 -17 -12 -22 10 ]
[ -20 23 12 2 36 -40 70 16 4 50 1 37 2 0 -64 8 -7 4 2 1 -3 -30 37 38 7 105 11 12 -22 -24 -36 -18 -3 37 9 -45 -12 23 33 -20 45 -23 16 -6 -21 48 25 2 -42 9 10 17 9 24 24 -8 17 -51 12 13 -57 9 16 -44 41 -20 -43 -76 -23 -8 -37 26 -56 -7 -50 -21 -23 -39 -2 67 -5 27 -47 5 -24 -25 38 49 -36 -42 -40 11 19 -24 -18 -20 40 15 3 -9 ]
[ -28 12 34 42 47 7 -64 -9 -8 1 -16 28 -66 42 -1 -7 -24 30 -54 -25 -64 -14 -39 20 12 -13 13 -10 -15 -9 4 22 36 -76 8 -46 -62 6 21 57 45 -12 -10 34 29 -18 -32 4 9 -78 8 25 63 37 75 -37 -26 -49 -2 -13 -2 51 10 -15 13 29 8 59 -14 -29 -36 -10 13 10 34 2 -40 34 2 29 -36 44 43 -12 6 2 1 -73 -35 29 48 -2 -29 39 -66 8 -12 -5 28 13 ]
[ 37 11 36 32 10 21 -45 -47 15 -18 -29 29 -37 -26 34 -11 40 -24 -14 34 -36 25 28 25 -34 -33 4 16 11 12 -21 80 34 -28 -12 11 46 -36 -12 80 -62 -3 -24 3 -33 16 12 -20 54 -37 10 -35 20 -1 -12 7 -1 3 15 -49 17 6 -31 10 -6 31 40 -18 12 6 -9 -21 -6 -75 22 7 1 -16 41 23 2 20 50 -11 0 -12 -38 -75 -10 11 31 0 -1 14 3 -3 -3 -15 -34 25 ]
[ -3 -10 20 37 -29 -7 46 37 -13 20 11 7 26 60 -7 4 22 71 32 32 -37 42 32 -3 -16 1 29 27 -42 43 -12 -25 68 48 0 40 -11 42 6 34 33 -12 -30 15 10 40 17 -41 -57 -34 10 -12 19 13 -8 0 -41 27 17 4 58 -81 -25 -63 39 22 -6 34 13 10 -8 -6 30 -67 44 -2 47 -12 67 -4 -19 33 10 -32 46 -40 28 -108 -10 -24 22 -8 -10 -22 21 2 29 22 17 -18 ]
[ 18 27 -8 -10 19 -22 -10 30 -11 35 31 -26 -35 2 -48 7 18 -42 -7 -6 -40 -51 -21 21 13 -19 -70 -9 2 -3 2 -41 -60 4 27 -50 -30 3 -1 -73 4 -5 4 37 22 -15 46 5 9 36 -2 -32 19 -8 -9 -15 32 -42 -7 10 30 17 20 1 52 -21 -40 20 -50 -8 13 -20 -8 3 6 -11 -25 -17 14 -9 0 -19 45 13 -29 40 -1 45 7 28 -8 -10 -18 11 -5 -20 6 17 44 -8 ]
[ -38 -50 -33 28 61 -16 26 -21 7 63 -49 72 1 3 -43 17 -60 -13 -58 22 17 1 -16 -10 -48 -30 -1 30 -78 21 -2 -20 -27 34 28 2 -33 39 16 -25 29 0 0 11 22 -6 2 1 -4 69 -10 21 -10 -18 24 -35 17 -24 -13 42 -16 19 14 10 51 -1 8 1 -35 -28 -28 14 -23 -15 -24 6 3 -7 48 25 -18 -3 -15 9 -26 0 -21 50 -30 0 11 -3 -1 29 -6 -6 0 -18 15 -15 ]
[ -55 -43 -30 -19 8 6 8 -10 5 21 -55 23 15 -25 -30 -3 -47 -8 -22 0 41 28 67 -74 12 19 89 -56 33 50 8 -48 -2 -80 15 -24 -25 29 19 -3 16 -9 -16 -12 24 -36 9 -10 2 -20 -28 15 -9 -5 32 -51 -16 -24 7 -17 -27 91 5 58 -8 6 62 14 -27 -52 -59 6 0 11 -25 15 -56 -1 -13 48 13 -31 39 -2 6 34 -30 -41 -69 0 -4 32 2 26 -35 -22 -33 -39 45 9 ]
[ -59 -24 -6 -68 -14 -7 30 -46 64 7 1 18 13 1 12 39 -43 51 41 -15 36 36 -11 43 15 52 -12 -56 -7 27 -1 7 64 6 -35 -84 -6 -14 55 54 60 21 33 -18 4 12 2 0 -56 2 29 15 -10 -2 21 -9 61 45 -24 -52 -60 23 -5 49 -33 -29 57 -70 -40 -6 7 -6 26 67 -2 -14 -12 23 -2 -6 12 19 -11 4 3 38 -29 33 35 14 17 -25 -49 -23 12 31 -48 -14 -13 0 ]
[ 101 9 46 -21 15 21 -58 -42 4 -28 31 4 -30 27 -16 -6 -13 -14 -5 33 -16 -35 -40 8 -58 -4 66 58 -15 -35 -30 51 -11 26 -21 26 46 -30 -72 37 1 -25 23 9 2 22 27 15 -9 -17 2 13 15 15 7 13 -41 13 8 -9 -24 56 29 19 -43 22 53 -5 -6 1 -8 19 -36 -44 -9 -5 6 9 -12 20 -38 -33 -19 0 -38 7 -27 -41 -54 38 1 -4 31 28 -19 -14 1 29 -2 9 ]
[ -13 -35 59 -17 -8 -23 14 -23 37 37 11 40 16 34 3 -25 9 45 39 -6 -21 53 -24 43 -65 55 -7 -6 -24 -12 -20 19 82 25 -27 -74 7 34 72 -1 34 22 35 -28 -24 -58 14 -69 -94 10 5 -7 -54 3 -7 16 0 27 4 -22 3 -2 -9 -12 -3 22 34 -37 16 -4 -28 30 21 35 21 1 4 -30 1 -1 -9 -14 -24 9 37 11 8 12 -40 22 -42 -4 -23 -26 1 -27 -16 21 -4 -17 ]
[ -11 -22 -10 39 13 -7 -2 -33 -46 16 17 39 -46 14 -26 42 -41 10 1 9 -9 14 -15 37 -10 69 21 1 6 19 -57 12 -4 -41 6 -37 -10 13 -30 44 -9 -16 -38 53 -46 31 36 -29 -21 -96 18 -21 31 0 -24 -29 5 -36 14 -19 5 -1 -17 -15 -37 42 3 48 -62 13 7 14 2 -33 1 -4 -17 5 -15 39 43 47 31 -11 -5 -5 -41 -101 -15 -59 18 -32 -5 47 1 -9 -7 -22 23 2 ]
[ -7 -10 69 -34 2 -15 37 61 -26 2 -11 41 34 69 -26 2 -7 39 -31 22 -6 -40 47 -5 -88 -26 32 -27 -14 14 7 -78 20 43 34 -38 -12 62 6 -90 38 38 -17 30 8 5 11 -7 -34 21 5 -23 -10 -3 -13 10 4 -8 -17 -3 19 5 -22 -18 96 55 10 3 -2 -46 -13 -5 -21 6 -9 -4 21 -23 37 6 -33 -20 22 -3 -6 29 28 -2 -44 15 -15 5 -14 -49 2 -42 13 36 64 -31 ]
[ -4 -29 -10 -2 26 -22 19 -10 32 6 -43 -20 -26 -8 -12 -13 26 -58 11 7 70 -5 26 -27 32 -53 -32 -25 30 -67 14 29 -40 -10 5 6 -37 -33 -50 -28 -19 48 12 -12 -40 -9 -34 -18 29 54 -48 -3 -38 -21 -54 -4 19 10 -16 24 -1 -14 13 2 -31 18 10 -38 -39 5 22 -6 -5 3 -32 14 7 4 -7 -36 2 -37 30 7 4 -6 -21 40 21 -61 -1 -16 25 -1 26 -41 4 -16 -50 14 ]
[ 0 23 -24 -20 -31 28 -2 -34 -6 -8 9 -73 33 -59 61 31 6 -1 12 -27 -9 18 -16 15 -15 -46 9 -21 61 -20 -47 12 -25 34 -47 2 31 1 -34 34 -27 -38 40 -20 28 -6 15 34 30 18 27 23 21 -37 32 3 32 36 -7 -20 -23 -26 19 -2 -75 -47 24 -20 -15 23 50 12 -13 31 2 11 -19 35 -25 -2 39 2 -14 -2 -13 0 -11 -6 40 7 20 10 -38 4 -1 36 -56 12 -22 7 ]
[ 5 23 -16 -13 -37 10 -59 -24 29 -22 66 1 -27 -18 52 18 11 13 -21 6 -34 -72 -38 66 37 12 -1 -25 44 -1 55 -9 44 -73 9 21 -37 -19 -9 22 -40 -1 -4 33 -7 -39 28 15 70 -87 -31 -9 29 -32 12 -33 74 -15 -15 10 -11 -12 -4 26 -22 -24 -28 75 -21 -8 32 -35 -5 11 34 19 22 47 -44 -36 30 42 43 -1 24 9 23 -42 27 -2 38 2 -38 -7 -22 16 -21 46 46 -8 ]
[ 50 32 -23 -2 -32 8 1 14 -47 34 27 -73 -13 -44 48 -15 68 -7 5 -45 -23 -5 2 28 -20 19 -34 -12 -13 -40 -10 10 -63 56 -19 -48 -16 -9 -20 -51 -15 -4 24 21 -1 36 29 -15 -39 -9 12 -65 -8 -9 -31 51 25 1 -5 -10 -8 -12 0 -46 9 -13 -49 -51 11 46 39 2 -51 11 3 -1 24 -5 8 0 -7 -30 9 6 -33 9 11 9 -6 0 -38 -16 2 -42 27 -17 16 16 -18 20 ]
[ 9 47 5 60 15 -30 -18 6 -8 29 10 -4 -15 2 28 -2 28 -12 22 -28 -41 35 45 65 -22 -13 -17 55 -2 -54 -39 29 26 -6 -15 -2 9 34 3 -41 -38 -7 -15 6 -29 -31 2 -31 6 -2 23 -16 21 -39 -17 43 -35 -13 27 14 48 -84 -10 -38 -35 39 -39 25 16 30 -15 33 -16 -26 9 -6 25 -37 -9 -30 30 3 4 1 2 -17 31 -29 -13 5 -25 -6 -1 3 31 -21 27 12 6 -25 ]
[ 6 18 -19 21 21 -3 45 -32 7 -5 -16 12 0 -7 16 16 39 -41 -63 3 0 -44 12 19 10 -14 -40 -84 79 25 0 29 0 -5 60 -25 -31 -14 -1 -26 -23 -1 7 -1 -8 -66 30 -24 70 7 -13 -21 -22 -12 32 -81 59 -28 2 -29 2 56 75 -5 11 -20 38 34 -62 37 -3 -68 15 -14 2 11 -40 19 5 23 7 -7 17 10 -28 22 0 24 -33 36 13 19 6 35 -45 -24 -11 34 -4 -5 ]
[ -5 -74 -21 -10 7 45 11 -25 -5 -20 -10 -45 27 -77 -54 -38 -3 -45 -24 17 26 35 19 -31 -25 -89 21 -58 30 99 7 56 33 -44 4 35 12 -36 12 3 -3 21 -21 -4 7 -82 12 -24 34 15 -50 -23 -9 -16 -16 -36 -12 8 -23 -12 -23 42 -7 42 26 -11 99 -12 45 -32 -8 35 3 -3 -19 -4 -34 -14 4 -11 -1 -15 32 -22 26 20 -34 -5 -29 23 2 18 -11 22 -1 -8 -20 -32 -22 7 ]
[ -21 -21 -2 -34 -8 0 -3 -28 71 -41 -2 41 31 -15 4 16 -27 -15 12 46 61 -33 -9 42 12 34 43 -26 34 6 67 -2 53 -4 0 46 68 -31 0 -2 -44 17 3 -46 -29 5 -4 53 59 -9 -30 28 -37 -10 -6 -33 16 6 22 35 -32 10 -15 68 -5 -15 29 19 30 -21 19 -42 9 -8 -26 2 2 0 -23 -64 0 -39 -24 -2 27 -15 14 69 16 32 5 -1 11 -51 15 8 17 20 1 -2 ]
[ -23 -51 -21 -32 21 -30 38 3 4 61 -21 -39 -45 -7 -29 7 -32 -6 21 -48 10 11 15 44 -19 35 17 7 -78 12 5 -22 12 10 1 -64 -37 30 -4 -20 72 38 8 35 36 45 19 -2 -47 4 -29 -11 41 6 9 -1 25 -49 30 9 -14 18 -18 -17 12 -16 -31 -42 -71 -30 11 15 -25 -13 -17 16 -8 -10 41 11 -43 -31 49 -25 7 20 -8 4 3 5 11 -34 -31 -36 17 -26 -11 -13 2 24 ]
[ 6 -18 11 -43 -8 3 0 9 -1 12 37 -46 26 -52 -27 -8 17 -52 41 -24 11 24 31 50 -8 -21 3 3 29 3 -21 -7 -40 -28 -30 18 51 27 0 -79 -50 28 -2 29 22 7 4 4 34 11 25 -9 -5 -95 -28 34 -3 -21 -8 15 0 -11 -38 -29 -9 -18 -45 -23 -2 7 17 35 -47 0 -43 26 50 -19 -14 -31 -1 -18 13 -2 -8 -1 12 4 14 -26 -27 18 -21 -20 30 -42 -5 16 14 -1 ]
[ -35 5 0 -16 50 40 8 31 20 -10 -63 -21 -19 -72 51 -10 -13 -5 -59 -44 -7 -35 6 13 -19 -13 47 -29 0 45 17 32 40 10 -33 -32 -3 1 33 23 -24 -26 48 -61 2 -2 -32 58 70 8 0 28 28 -1 59 -35 50 -49 -19 -41 -94 42 7 18 -2 -58 50 -40 21 -21 -18 -9 -20 49 -36 23 -63 35 -42 11 -11 -37 -8 -2 -76 5 -12 53 -39 32 -12 45 -17 0 -38 11 -36 -14 -54 25 ]
[ -65 -41 56 -10 6 49 -22 7 -54 -47 -41 -2 -23 42 -27 21 -53 49 -51 13 -25 14 -25 4 -31 -34 54 -41 -23 49 2 32 24 23 -8 -42 37 5 42 22 26 -3 -34 -47 40 31 -79 31 30 -16 10 0 -2 64 8 -24 -25 -12 -6 -20 -5 43 -30 32 38 36 49 11 11 -70 -2 -9 33 27 -11 21 -31 41 0 -10 -42 5 8 0 -48 0 -56 6 16 15 28 -2 -35 7 -16 0 -33 -44 -38 27 ]
[ -18 -86 18 -37 -32 24 -62 -3 52 29 46 3 -26 24 11 15 30 33 73 -14 34 26 -2 58 7 26 -1 25 -2 24 12 16 34 -26 -36 -2 -22 20 -18 14 -46 22 1 39 -5 23 3 -38 -17 -38 -6 -34 24 -39 -125 20 33 37 3 24 36 -71 -19 -7 3 46 -25 43 -26 -7 -2 43 -3 -33 25 10 51 -9 12 -57 -35 -54 75 -15 11 11 9 -35 18 -30 0 3 -19 -6 30 -22 -13 14 3 28 ]
[ -19 17 -10 -19 -15 -41 33 -24 14 32 29 21 -11 10 -23 -41 2 -51 79 -27 10 -15 -47 -8 98 45 -76 -11 -17 1 31 -43 -39 -4 -5 -15 -58 21 10 -20 60 -11 24 -2 25 -33 3 17 -54 35 35 20 -65 33 11 35 12 32 -7 26 -57 25 42 11 -15 -32 -23 -50 39 25 -6 2 20 78 0 -22 -48 15 -16 6 9 -8 -77 6 3 18 8 40 -24 20 -11 -9 -23 -18 -26 33 3 21 16 -12 ]
[ 1 -57 -37 46 22 -18 91 27 -32 81 -13 -8 -2 -27 -70 -15 43 -29 34 -4 -11 56 11 -10 -20 12 -63 24 -51 7 -42 34 13 45 12 11 -39 -12 9 -3 18 -24 -20 -2 16 -39 27 -32 -52 16 -26 -15 -36 24 -41 23 -3 -26 13 -1 21 -32 9 -22 2 6 -8 -18 12 15 -21 52 5 -21 9 4 -15 -9 27 19 -13 -21 -10 -2 27 -32 -2 0 -46 6 -33 -1 19 30 25 -23 -12 -23 -64 11 ]
[ -29 -7 27 -16 -41 20 -49 -3 38 -63 19 -47 -9 31 1 6 -12 82 25 25 -2 0 4 -24 -3 28 55 -32 61 -15 3 -16 14 2 -82 -24 42 -31 -33 44 -4 11 9 -12 -16 -32 -33 32 27 5 17 21 37 18 37 10 -12 29 12 -5 -27 16 21 38 -64 -39 29 -35 13 -15 -13 17 28 79 -10 1 -37 11 -81 -54 10 -21 -3 6 -34 -8 26 32 46 -22 -14 -24 2 -6 7 0 -24 8 -4 -7 ]
[ 61 -4 -2 7 -8 39 46 44 -66 2 16 8 24 21 -9 -30 -15 34 27 1 -32 17 -43 -43 -13 0 40 -5 -43 81 10 -30 -6 44 9 30 22 56 24 -7 34 -7 -10 10 15 50 -3 18 -54 21 64 5 10 4 29 -22 -28 6 13 -23 5 13 -22 -48 36 -17 4 36 -8 7 15 -18 25 -35 22 16 39 4 28 21 -31 16 -62 -1 -21 6 2 -51 0 25 10 20 18 8 -6 18 6 26 35 -11 ]
[ 11 28 -52 -11 -3 -3 -4 -21 -12 -51 -20 19 1 25 19 89 -52 29 -50 32 1 -7 -3 -2 -19 84 11 52 -4 23 -22 10 -35 -21 9 20 6 -24 -41 23 -24 -19 -22 21 -63 24 37 8 14 -68 -30 -26 1 -17 31 -19 23 -1 18 -18 1 24 -18 14 -46 -8 26 42 -18 7 28 -22 -9 -39 -6 -8 16 30 -1 24 19 28 0 -11 15 13 -24 -71 -1 31 39 -7 8 28 -6 26 -11 -19 46 -7 ]
[ 28 -24 -7 -10 37 0 -18 4 39 -19 -23 30 -36 -8 10 42 -29 1 20 37 19 1 19 35 -70 -2 85 -3 -25 2 17 19 77 -2 -11 -9 46 11 17 30 -9 6 21 -33 23 48 11 7 9 -5 -27 20 42 -25 27 -45 20 -13 27 1 -17 29 -7 19 4 5 43 16 -52 -46 -33 -18 -29 -56 -29 17 8 3 46 7 -34 4 16 -2 -53 11 -36 42 -7 23 8 -12 5 12 20 -14 -2 -17 -9 27 ]
[ 44 4 46 -3 -11 -16 -72 -26 -6 -1 4 -40 -39 24 32 -43 7 -51 39 4 -35 4 -49 -20 -22 -98 51 -3 -20 -42 55 -11 43 -40 -33 -7 5 -4 -21 9 37 46 5 26 39 -25 -17 -1 19 37 -47 22 25 16 29 -15 -39 37 30 34 11 7 10 6 -29 14 7 34 -34 -37 -11 -4 19 -26 11 -5 0 11 3 -25 -33 -2 26 -4 12 16 -13 -31 10 7 37 -64 -28 6 -1 -8 -3 35 40 -3 ]
[ -35 -43 -30 -34 -28 -19 16 -36 -18 8 6 -10 11 15 -85 10 -64 30 4 23 28 -19 -61 -1 33 14 43 -35 -2 57 10 -44 18 12 19 -8 -1 35 26 17 50 28 4 29 7 -37 34 10 -25 9 -7 23 10 -7 38 -79 35 -19 41 3 -61 76 -1 56 -4 -19 52 -2 -64 -25 23 -11 9 21 14 14 -57 12 -8 -32 -4 42 1 -16 3 34 -20 43 8 -18 -2 -28 -3 24 -39 -9 -30 18 23 -5 ]
[ -36 36 -17 16 -10 22 -26 9 -30 -6 35 -21 -30 -12 9 -13 3 17 30 -38 -26 26 -24 46 17 16 -40 -5 50 14 -46 30 -33 -28 -11 -52 -44 -13 -1 -21 -39 -23 -21 11 -7 25 28 -34 -31 -76 52 -33 65 -16 -13 8 -19 -7 -6 -1 -9 -39 -26 -36 8 -5 -39 25 -25 45 8 -13 -20 12 21 -27 1 -9 11 21 43 77 36 0 -42 28 -20 -36 9 -27 20 25 -27 19 -4 39 8 -21 33 8 ]
[ 14 -26 -35 33 19 12 11 22 -29 -36 -68 51 9 -53 10 1 -17 -5 9 48 35 24 21 -71 -54 26 18 27 46 34 -30 43 -11 -5 24 38 40 -24 -45 28 -99 2 -18 -45 -92 4 14 -26 21 -16 -52 -7 -7 -26 -22 -47 0 8 10 27 10 -15 -26 18 6 -15 41 23 -10 1 -27 30 -8 -62 -45 -11 19 -50 40 71 10 13 21 -7 6 -25 7 -14 -39 -34 19 42 23 30 1 8 31 -28 10 -18 ]
