[ 27 10 -32 -32 -24 35 -62 46 -23 54 34 -12 -27 -9 50 50 63 -1 33 -35 -27 -6 4 5 -53 -16 6 35 6 37 33 -22 22 -77 -52 25 -7 -3 17 -14 84 -29 26 15 18 -9 8 -48 -18 20 -49 23 60 -42 -19 57 -36 69 -20 -3 13 -18 -10 15 -17 -20 -28 37 -3 18 -38 -55 -59 101 -13 -11 -7 -4 0 5 50 9 6 -5 -21 -23 6 -35 -65 -18 -19 1 -29 61 11 28 44 -35 -36 14 ]
[ 70 -37 20 13 -35 -5 -64 14 8 -14 26 -26 17 31 4 9 -61 47 5 -36 17 -29 62 32 4 -16 -1 2 51 5 -26 8 8 -16 -37 7 -19 50 47 53 35 -55 34 2 49 28 32 50 64 -35 -14 -72 49 -44 36 18 3 12 -47 57 10 -12 -19 45 0 23 12 11 -10 27 -50 -43 -24 9 -35 -22 -10 -29 23 23 32 47 18 -74 -21 -51 -18 5 -41 -86 17 -57 -7 -4 28 -24 4 -43 36 -26 ]
[ 26 -37 8 13 18 10 -8 64 -68 -45 -1 30 -28 -41 48 -5 -46 -8 -36 38 -19 -25 16 -18 28 -8 -39 -13 13 55 14 -36 -46 -10 -13 -9 36 22 -20 7 -14 -41 -48 -28 50 13 -27 -23 20 -44 -52 40 -17 -9 7 39 -1 -4 -2 -2 22 -69 4 -45 -14 12 34 36 20 -8 -33 -30 -6 46 59 -10 69 -10 -24 -16 -23 5 -19 -21 -2 -21 11 0 56 18 -10 -37 27 -2 -52 -7 46 -30 -17 -35 ]
[ -3 17 3 40 -17 -59 -8 8 2 53 -6 0 49 30 -64 -29 -45 78 55 6 -8 -9 29 17 51 -5 9 -33 33 -10 -31 -15 40 4 78 7 -53 -41 -4 -20 6 -12 45 -24 39 -24 54 -13 33 -20 -15 30 34 69 58 3 -41 10 -21 -11 -18 40 -8 11 -18 2 42 32 37 -10 28 -19 -68 -21 -17 39 -34 -2 -20 -13 -2 60 21 -10 -34 -32 -43 -16 -10 -37 -19 46 -16 7 -11 -10 -3 -34 16 33 ]
[ 5 -12 -4 -16 2 -6 26 -9 15 6 37 -4 -18 -3 -48 -43 -18 -31 6 -4 77 12 32 12 44 10 -46 -12 -28 -29 -12 14 25 -5 35 22 21 3 4 14 -6 -14 6 7 -5 6 -3 27 18 -23 17 -13 -24 13 26 -31 56 19 0 -33 -28 -14 48 -5 25 36 47 10 -29 19 61 8 -14 15 -8 13 2 26 -31 -37 -32 15 21 7 -8 21 -8 50 6 -32 -15 22 -41 -8 -3 37 -11 -28 -10 19 ]
[ -26 22 -26 29 22 6 -9 48 10 -40 13 -23 -42 37 33 -15 17 -33 5 5 1 12 18 -31 28 19 -17 -5 -27 0 41 -44 16 40 12 62 -25 -24 22 -44 -19 29 27 -22 31 12 -12 -63 -12 24 13 51 -103 8 -20 15 -41 18 26 -21 2 -61 76 -49 -14 -40 7 21 -7 -22 -16 6 -7 21 -23 -7 -15 -22 28 10 8 -30 -3 45 0 -30 3 40 49 24 -41 -18 20 39 -3 0 -16 -19 22 12 ]
[ -50 -2 61 -22 -44 -41 24 -87 6 14 -11 -5 17 -24 -48 41 19 -6 -5 44 -30 33 54 -23 23 7 19 13 -27 27 -23 32 -25 -48 15 1 26 28 -31 13 1 51 -44 24 -46 0 -11 3 -9 14 -18 -68 11 -59 -44 -24 5 -3 12 8 -96 51 -23 55 64 70 -64 -45 46 -10 26 8 30 -58 14 -2 37 19 -2 -59 1 -18 45 11 -3 38 0 8 -22 -62 33 91 -49 46 -4 -18 -72 16 -26 11 ]
[ 8 -31 21 22 -53 -56 -5 -8 26 -20 37 27 5 3 -30 7 -9 -24 -5 16 2 47 43 27 63 -6 3 5 52 -4 1 7 50 -71 -46 -15 32 -11 -6 -24 -9 -4 8 -28 35 -8 -22 6 33 -32 -67 -54 73 3 -43 14 29 -10 -13 -24 -31 -10 -2 66 3 16 -9 -47 37 30 -21 -10 -46 -42 -23 -33 61 -10 -34 -24 14 6 -32 -25 -28 3 9 31 7 -3 -24 27 -3 44 -21 4 -26 -36 9 22 ]
[ 48 9 -14 -13 52 24 44 -16 27 13 40 -1 -9 -20 -1 -68 38 -47 -25 -41 87 -23 -29 30 -51 -9 -13 50 -11 -59 -35 16 -29 2 29 38 7 -19 -27 11 32 39 47 2 -10 9 -53 41 37 -25 36 35 -8 9 53 13 10 10 44 12 31 -1 8 19 18 4 -8 15 -13 -11 7 5 64 4 37 -46 -26 32 -6 29 -47 -8 7 -5 71 4 -1 20 -54 52 14 -32 38 -66 -12 39 -6 -18 -30 -29 ]
[ -13 0 64 28 -8 -19 37 -71 14 -4 -7 19 38 -25 -62 -56 -30 -36 20 -6 -22 11 -5 -8 2 64 11 16 -27 -7 -17 77 -6 -10 79 27 26 12 -56 26 -19 61 -30 39 -55 16 -8 6 14 -34 42 -51 18 50 25 -32 21 -13 27 13 -46 -11 -23 -16 49 50 1 -18 20 35 63 21 7 -28 37 16 2 6 -8 -22 34 29 -5 -20 -41 61 12 -10 -47 29 32 81 -63 2 -51 -19 -1 8 -6 -36 ]
[ 11 -3 24 21 -32 -2 -22 -6 -32 15 -19 -12 20 22 63 31 22 3 -37 -13 -64 -37 -21 23 -62 6 32 5 -1 46 2 29 8 -23 -5 14 22 -30 5 14 25 -13 -15 5 -63 -2 -26 3 45 -2 7 -48 27 -40 -3 47 -22 2 -33 46 -37 -28 -24 27 -9 1 -16 -29 11 31 -49 -55 1 31 11 17 -11 -43 9 66 27 10 -16 -10 -2 -21 37 -63 -41 46 29 -13 19 16 -20 -23 4 6 35 -68 ]
[ -20 24 -7 54 14 -6 42 -4 58 -4 65 40 28 0 -41 -63 29 -9 -18 40 35 -68 -36 39 25 26 -26 -18 -61 19 21 -20 -28 38 56 -20 -26 -58 16 -4 -22 15 59 -27 8 44 -55 0 8 -68 53 11 -15 79 -30 -78 -55 0 -26 44 -23 -78 -9 -6 23 37 28 29 7 -26 72 23 18 4 40 39 41 -20 -73 1 -73 -4 12 -45 41 -39 -46 -21 -2 3 21 -8 -47 8 19 30 -40 -10 -21 51 ]
[ -33 17 10 -2 11 -14 7 -27 -44 3 -52 -28 -4 -67 17 0 20 8 -35 44 -25 -48 -27 -57 29 5 21 -13 -10 42 26 -12 -28 4 40 -28 12 -49 -44 -18 -57 17 -16 -4 -45 2 -18 -49 -33 -2 -5 28 -56 -18 -54 31 -49 -26 22 -42 -50 27 -19 -6 -10 2 -66 -37 26 -35 1 15 13 -30 16 -46 34 -26 33 -27 -13 -15 0 27 31 -45 26 -19 -23 -26 -11 -2 -9 24 1 -36 -39 11 -30 9 ]
[ 17 -30 -2 31 -28 -13 29 36 40 -21 63 56 -28 -23 -19 -17 -27 0 -15 -31 -4 3 -5 18 2 29 -3 34 54 70 -14 -7 -5 -14 -23 -46 4 -13 -7 -16 -5 -12 55 -22 52 18 -5 -23 19 -9 30 15 4 14 -9 -5 -6 13 -8 8 35 2 8 25 -63 0 42 -26 60 2 3 -25 1 27 34 14 69 -8 -59 -18 -44 2 -7 -77 -15 -7 -52 -72 42 24 10 -27 31 21 25 -8 24 15 -12 -53 ]
[ 67 22 -29 15 65 41 -59 54 38 -65 -4 -51 -25 3 29 -43 0 -33 59 -51 43 -39 -27 33 -2 30 16 58 65 -74 7 -64 17 -5 3 -18 -27 12 86 6 49 -1 94 27 22 4 -28 -16 13 -25 31 62 -14 44 36 56 -14 -5 62 19 76 -54 12 8 -44 -64 -1 34 -7 -48 -43 -30 12 -16 3 -26 -26 -12 61 52 48 28 16 -54 4 -29 -27 51 -27 11 -23 -70 1 -9 19 10 32 -85 9 10 ]
[ 9 15 -38 -17 -8 -6 -4 -39 61 1 14 5 -16 -4 5 5 -31 -37 13 -21 22 -8 -18 5 33 -10 -36 10 10 -24 -41 34 28 6 1 14 -10 54 22 -20 -24 -4 14 12 -32 -19 8 62 59 -1 46 -28 -17 19 -40 -8 49 -10 -19 11 10 -25 27 42 -27 8 -7 -11 4 7 17 -3 39 -6 -25 42 2 -13 31 18 -15 -2 16 -38 16 7 -8 -10 21 15 -41 -15 6 -30 89 42 -43 10 -13 1 ]
[ 57 -26 16 7 21 0 -7 15 -41 6 21 -5 2 -27 23 -8 -5 -25 -10 -22 3 -5 26 5 0 -14 22 17 37 -30 -8 -6 14 -70 15 19 10 -18 -41 8 47 33 25 2 30 15 -25 -29 28 -14 -36 27 14 -2 9 69 -6 41 -3 16 5 -34 25 17 15 -7 -24 40 22 18 -60 -47 -43 -13 9 -41 -7 26 6 11 68 28 39 -3 -27 -32 17 -13 -53 30 2 43 -12 -15 -52 -29 7 -64 3 -17 ]
[ -28 16 -6 27 -32 -53 5 18 39 -25 -35 10 0 18 -14 39 -15 10 38 3 -33 2 -44 18 52 7 11 0 85 10 -31 -4 24 -24 -26 -19 1 1 5 1 -17 -9 9 -16 -3 -9 49 26 43 -38 -12 -22 25 49 12 21 -4 -45 13 -22 -15 47 -52 44 -49 4 30 -24 71 -42 -13 -8 51 -14 45 10 39 -58 -1 13 -7 -12 -41 -45 -15 -6 -52 -5 49 33 -51 -29 82 34 29 1 -51 30 17 -5 ]
[ -12 18 72 19 38 -14 -11 -47 -32 3 -99 27 79 -17 -12 -42 28 17 14 25 -32 18 -42 37 -28 7 116 -27 5 -51 -9 -44 -41 -47 -3 -81 29 37 5 -21 59 56 -60 27 -51 -46 -3 18 -29 -33 -40 -47 70 -16 -13 -18 7 -81 2 1 -46 26 -42 12 0 2 -54 -14 32 -7 -58 -22 41 -5 39 1 -31 11 12 -21 5 22 -63 -24 12 21 41 -59 -51 73 79 34 25 27 -50 20 39 4 30 9 ]
[ -40 52 -50 -5 -13 -32 35 -2 23 69 31 -15 -35 26 20 19 68 -8 -22 35 -16 -31 -58 8 18 -48 -14 -13 -78 31 -1 -25 -4 17 31 49 8 -79 -24 -24 19 4 27 -41 -12 -20 -4 -32 37 -17 -3 33 -57 -4 14 -13 -17 5 -40 -11 -18 -29 16 4 40 1 -25 34 32 -6 22 0 -15 33 -6 9 22 7 -27 6 -45 -28 3 17 46 -48 -24 -44 13 -14 -27 -4 25 1 32 37 4 23 -38 48 ]
[ -11 23 -5 -13 31 9 25 -58 29 17 -25 15 26 -47 -36 -63 42 -3 -15 51 31 -13 4 0 -39 4 -4 2 -19 -43 43 -9 -15 16 26 -26 -28 13 -5 -16 8 24 -16 -8 3 -15 6 43 -16 -13 48 2 13 -7 -48 -23 -11 -6 6 7 -26 45 -50 5 -10 -3 -64 -36 -37 -40 17 41 36 -16 -21 -9 -6 70 -9 -34 -23 -41 0 26 61 10 11 -7 -25 34 10 -11 -2 -32 1 19 -35 28 -26 35 ]
[ -54 41 53 27 53 -25 6 -33 -32 -1 -122 -18 27 -18 -22 -35 -17 47 28 66 -41 -17 -42 -41 50 36 39 -49 -8 -3 -20 -31 -31 20 72 -40 0 -23 -36 15 -21 71 -30 23 -11 -39 57 -43 -24 -8 -47 -4 -3 31 19 -15 -14 -43 30 -21 -5 7 -26 -62 9 -30 -14 25 42 -51 1 28 36 -35 53 14 -40 -5 18 -72 -5 35 -44 35 -33 11 24 -35 14 26 -15 56 0 17 -7 1 4 -19 26 24 ]
[ 3 6 6 3 12 -22 -12 -28 21 -6 -4 25 8 -34 -58 -13 1 2 -12 25 44 4 37 -6 38 -27 -13 21 39 -10 -7 -24 -10 -73 6 -53 -12 36 7 -20 50 6 25 8 57 1 38 5 -34 -18 6 -21 24 -11 -41 9 -2 4 12 2 8 40 -28 14 25 37 -39 28 32 -21 -16 67 -11 -40 -24 -15 47 26 -16 -38 2 45 12 19 -9 15 31 6 -25 -2 -47 11 4 -43 -3 19 -49 -61 -24 21 ]
[ -7 25 43 65 19 -10 18 6 -37 -53 -37 -1 26 63 42 27 -43 -24 -10 -23 -25 -26 -12 32 -37 -24 15 -32 -4 22 -3 16 -2 35 75 62 -13 24 28 58 -9 1 9 -27 -95 -48 -13 15 46 -7 28 -56 -14 -8 64 44 -5 4 14 77 -23 -39 -35 -25 7 38 20 25 -3 21 -10 -74 43 8 43 37 -5 -27 15 66 28 65 19 -31 42 44 50 13 4 58 -8 -10 -24 -43 -2 35 -20 -1 46 -71 ]
[ 52 -20 10 -46 15 40 -24 -71 30 36 -15 -64 -10 -23 43 -92 22 16 -72 34 28 -46 10 -3 -51 6 -66 59 -38 -65 6 -1 -36 -12 23 -29 58 -25 28 38 38 15 -5 18 1 86 -26 16 41 -5 -4 7 -26 -13 -50 -21 12 -13 -8 -29 11 -19 38 2 21 7 12 -34 -16 13 -48 12 15 -58 -65 -10 -88 32 -15 37 -20 -22 10 -25 12 -19 -8 -19 -31 7 98 -20 -3 -13 -19 -70 -22 33 17 -54 ]
[ -23 51 10 -2 14 41 -55 -32 88 -51 22 57 49 -1 30 47 27 6 12 26 -39 -20 -59 9 -18 17 -25 74 -9 -27 -3 22 -76 -21 -53 -31 -19 39 9 -25 22 63 -15 -37 -34 64 -13 -11 -2 -11 19 -76 15 0 -94 -64 3 -51 -17 40 73 -42 -14 14 -29 105 -13 -33 1 -19 -30 19 52 -4 55 69 -26 -53 -46 12 19 -13 -14 -89 34 35 -21 -13 -34 26 45 12 28 0 84 -2 -98 14 16 26 ]
[ -54 50 -63 -19 5 22 7 59 23 -2 -5 4 -45 28 -21 12 64 -18 47 7 47 5 -37 -43 25 -39 7 -39 -23 -19 46 -61 35 -4 6 27 -11 -18 15 -76 8 -52 7 -8 32 -52 48 -12 -11 43 -6 14 -25 22 -19 -37 -19 16 -16 -8 9 23 -20 -74 -9 11 13 4 29 -70 -1 89 -12 66 -7 21 32 -32 9 -1 -34 -17 -40 21 43 17 3 47 54 -1 -76 -63 55 40 11 85 51 43 -40 18 ]
[ 5 49 18 51 -9 -43 -39 -14 10 52 8 28 12 18 13 -44 -24 52 1 -24 -1 27 17 12 -53 -22 8 -9 18 -2 1 -7 -9 -26 8 -25 -43 -33 9 2 -21 -44 13 -42 -20 -15 50 -25 -8 10 -18 19 12 -16 24 12 -26 -12 -22 -30 22 13 34 3 -58 12 -10 16 27 -9 30 -56 -56 58 -6 1 -27 -25 -21 -25 -12 55 -84 -58 -26 7 3 -29 -41 25 -11 24 -32 -5 52 -3 -3 -35 -5 27 ]
[ 20 8 -57 -21 65 29 -7 4 -12 -20 -38 8 15 -17 19 -14 -51 12 -20 18 -13 -24 -36 -15 43 -43 -17 7 -16 -42 1 -13 -7 40 16 -10 -9 -13 -4 -70 35 -23 20 -13 7 -38 -15 47 1 49 53 38 -88 42 -14 -21 21 0 22 -4 46 -52 63 6 -42 -22 -15 11 -42 2 -78 33 -7 -15 -24 6 -14 30 61 44 -13 -2 79 30 34 -78 29 0 -23 -2 -17 -51 61 -43 -4 -25 -20 -2 50 46 ]
[ -93 -2 4 4 -51 -14 31 -14 -24 32 -26 -25 -23 17 2 64 85 -55 -31 29 -46 -1 -9 -24 48 27 55 -45 -40 69 41 -43 -22 30 25 -1 46 -46 -26 -10 -84 52 -54 44 -25 24 12 -87 -65 63 -76 46 -4 -5 -62 -13 -52 -19 2 -86 -66 48 -1 24 20 -24 -9 12 43 -3 21 50 27 -35 -12 19 14 -67 -20 -1 -40 -54 25 99 6 12 3 45 49 24 1 7 -15 81 23 2 -42 57 14 34 ]
[ 31 -32 -26 -16 -12 50 9 45 3 -3 61 -21 -21 -2 29 3 85 -27 -8 -25 38 -48 -15 12 -49 9 -4 30 -17 13 46 -29 9 30 -26 33 10 -16 38 19 23 3 36 -16 33 21 -69 -28 -1 -31 -31 3 30 -22 -6 28 -19 14 18 19 10 -6 -45 -3 1 -36 4 -21 -12 2 -2 8 -1 -30 -20 -57 7 14 -47 55 -10 -39 0 7 67 5 -21 17 2 12 31 -42 3 10 -22 17 55 10 -46 -30 ]
[ -24 27 -1 6 66 6 -4 17 -68 21 -52 -9 27 1 36 3 -5 9 12 43 7 -42 3 8 34 6 -12 -50 -44 -23 11 -22 -16 22 63 -2 0 -6 -19 15 27 26 -46 0 -23 -5 38 -43 0 -23 -30 47 -55 -2 20 26 7 11 1 -31 -53 -48 34 -48 -20 -18 22 80 -25 -41 -20 -48 7 51 19 12 -78 29 12 -9 10 29 29 56 -2 -22 -7 32 32 16 -43 34 -16 -30 10 19 -11 -44 30 43 ]
[ -39 44 -24 13 8 -21 84 32 46 32 6 -11 -33 90 -8 44 78 1 21 -34 48 40 -29 20 22 -50 35 -1 -16 3 -91 -58 20 -13 40 31 5 -33 -14 11 46 31 31 14 -40 -59 -8 -1 34 46 -45 -7 28 44 63 35 -15 22 -2 -3 50 45 -13 39 17 -3 36 34 68 -60 -27 -2 64 -11 82 -4 20 -40 -25 44 -63 26 0 33 53 12 -40 40 24 34 -39 13 14 -6 -35 77 43 18 -33 -11 ]
[ -19 42 44 5 -38 -110 -6 -32 -23 8 -30 -14 -6 1 6 22 -53 35 22 14 -60 82 41 22 -31 -10 -19 65 78 -20 -52 51 -24 -34 18 46 -26 3 -10 -1 -14 -22 31 -59 -62 -60 45 3 44 -31 17 -12 -34 -44 47 41 10 -43 35 -41 -53 48 41 25 -31 37 -76 -28 48 4 34 -80 6 26 25 -41 43 -10 34 -73 56 -6 -5 -44 -4 10 -28 10 23 -26 -4 45 2 44 -21 -2 -40 12 -28 -5 ]
[ -33 -10 -10 24 -62 -33 28 -17 -11 43 22 18 11 -23 -32 17 7 -2 -15 34 -35 -20 13 21 21 -25 39 -34 -12 47 52 -18 22 16 19 -5 -26 -52 -29 -7 -45 -61 -41 -44 -41 28 -11 -16 -31 19 9 9 28 16 -45 3 -42 32 -19 -15 -62 51 -65 21 -16 9 8 -12 0 27 28 15 -35 -21 -27 6 34 5 -47 9 -19 -15 60 4 0 1 -30 -33 -8 -36 -5 12 -82 9 9 -11 -33 19 -11 24 ]
[ 11 21 -23 -13 -31 -58 -7 -52 8 118 28 -34 12 23 1 -3 33 45 9 -40 38 -34 37 0 -35 -12 -50 19 -32 -20 -41 54 43 -11 16 5 -27 -35 4 -29 57 -10 43 50 0 5 29 5 30 30 -10 1 -16 -92 29 23 -34 23 -29 14 -46 62 46 45 -10 -45 -46 11 40 -50 2 -24 -84 26 -74 -37 -38 6 2 21 -48 -2 -25 35 46 -64 18 -32 -42 -2 -15 11 -24 30 20 -9 -7 -8 -52 38 ]
[ -28 76 -33 -33 46 -27 -46 37 -41 -3 -53 -21 -33 22 64 49 11 40 -16 34 1 17 -18 -7 21 -72 -41 40 -7 -3 -20 -33 -49 -22 -19 -12 -32 41 41 -58 33 -31 31 -45 -16 -78 50 -6 6 0 -8 16 -69 -90 -14 11 0 -52 -4 -43 73 0 80 -27 -38 -12 -62 46 -11 -30 -33 -25 -6 46 7 -10 -12 -37 31 -37 -16 9 -31 12 68 -37 51 -3 37 -22 -58 -39 42 22 6 46 5 -1 -44 40 ]
[ -13 -10 44 48 -20 -10 15 12 20 -54 -2 15 3 25 -51 1 -40 9 32 -61 -5 48 38 -23 -11 43 29 -6 43 45 -12 -4 2 11 9 -33 -26 43 1 10 -35 29 35 22 -15 -12 14 -25 -56 47 23 -27 40 29 25 -10 -40 4 56 25 41 48 -14 -7 -11 23 6 -36 42 3 39 29 -14 -30 34 13 62 -33 1 -19 -9 34 -14 -36 -31 30 27 1 5 20 21 -12 -31 56 -24 11 -4 35 -13 -24 ]
[ -36 -2 41 41 10 -2 47 21 22 -69 -10 -17 -6 54 -16 37 4 20 -12 0 1 15 8 -5 24 24 7 -13 -4 48 -26 -26 -24 47 -10 -18 -32 19 12 79 5 65 23 -6 -34 -7 -9 -22 -24 5 -34 -55 12 17 21 -8 -19 -9 10 27 56 16 -36 -7 38 33 21 -12 6 -1 16 19 55 -72 72 -30 6 -50 -34 -9 -20 3 -1 12 0 -4 0 33 42 -18 10 9 -33 24 -41 17 -21 26 -1 -45 ]
[ -5 58 -60 -45 62 51 -30 23 58 36 -39 -60 -32 39 47 -13 61 4 59 1 32 -2 -35 -2 16 -14 -9 16 -65 -48 -29 -67 -3 -32 -1 -16 18 55 -10 2 87 62 -31 55 -11 6 2 -21 48 -24 -28 70 -28 87 -14 30 15 -23 20 -35 37 -1 39 13 19 -20 57 80 34 -73 -25 -3 54 37 -1 44 -90 -28 34 22 -51 -41 -26 3 -2 -20 -79 23 22 14 -20 -3 44 -7 23 30 9 17 -21 28 ]
[ -9 -46 35 -40 -35 47 18 18 4 -26 -3 -24 -52 -49 -28 -2 42 -12 5 -4 13 25 15 -19 -23 49 53 25 11 78 10 -24 4 -37 -46 -28 61 36 -14 56 18 30 -34 10 -37 5 -33 -12 -23 5 -14 -19 59 6 -31 10 42 13 51 -9 -48 49 -64 -20 8 45 45 -62 33 4 29 16 60 1 34 -9 38 -19 -27 -40 -15 -38 -23 -3 -44 72 -50 -24 26 -46 60 18 -4 34 -24 -9 37 50 -39 -99 ]
[ -5 3 19 15 -3 -37 53 -6 -3 10 8 7 -21 12 -29 -17 2 -17 -27 -15 6 28 10 26 -20 -11 23 15 -14 37 6 41 14 3 12 10 7 5 -38 1 -12 28 8 9 -10 -12 -17 34 -5 -2 17 -30 14 -39 61 3 29 -19 20 24 -22 32 -26 28 11 -23 -12 -3 -12 -5 0 -9 21 -25 22 -16 38 48 -38 -1 -4 -7 -1 21 17 38 28 -26 -3 22 -11 -24 11 -7 -19 6 46 28 -23 2 ]
[ 15 -29 10 -8 29 38 1 41 -49 -43 -13 22 35 -40 -16 11 -1 -26 25 -36 27 3 -6 34 6 21 92 -9 42 -21 23 -10 -7 5 -37 -43 2 50 -38 11 32 4 -26 1 -51 -22 -13 28 -40 6 -6 1 31 12 -9 8 27 -17 23 -3 0 21 -24 2 -24 16 -10 -24 -30 4 0 -16 33 23 35 -38 -17 12 40 -4 24 -15 7 -21 3 8 -2 48 -34 1 24 -20 9 -10 -22 21 5 4 -21 -18 ]
[ 20 3 -14 -12 -48 17 -19 -16 34 52 15 -7 -40 15 17 -15 7 -19 -4 -57 -44 60 11 -20 -64 6 25 42 -17 55 -9 17 45 -50 3 22 19 -13 -32 -19 -45 -23 5 64 13 -10 -10 13 28 64 29 8 22 30 -24 36 -6 10 10 -4 16 37 19 62 -18 -6 34 3 15 37 11 -12 -18 9 -28 53 30 -12 -20 33 21 6 -1 -4 -46 35 29 -61 -47 39 -2 -2 -12 10 21 -33 26 29 11 -45 ]
[ -12 -41 40 -6 -34 9 13 -22 -29 -10 -17 -12 -16 -4 0 3 -17 -20 2 -32 4 28 22 -31 -8 17 10 0 6 38 -34 46 -8 1 3 27 71 53 6 49 -27 48 -56 7 -40 38 -1 -11 -48 60 -13 -17 40 -9 17 28 15 35 39 -16 -38 7 -13 -54 33 -21 29 -33 10 22 22 24 4 2 -24 -46 8 -40 28 -7 -1 -29 -8 7 -29 36 22 2 40 -5 25 16 -16 15 -63 23 39 7 -7 -92 ]
[ -18 81 1 26 -16 -30 -68 -13 93 -50 21 -22 -99 39 67 -26 6 -62 9 28 -29 81 21 11 -41 -47 -46 55 -11 -18 41 -55 2 -68 -43 65 -4 33 63 -48 5 19 -13 -63 -34 34 -20 -56 69 -27 22 -19 -53 -41 -30 31 29 18 36 12 27 -40 63 -62 -25 48 -18 16 40 -15 -6 -36 12 22 -58 31 5 -9 -6 -39 36 -31 -66 -82 5 45 7 -2 31 23 -33 -39 -32 50 24 48 -25 -37 25 4 ]
[ -31 35 11 38 -17 12 -9 -26 -2 11 -7 30 38 13 10 47 2 -19 20 -29 -85 -19 -44 -5 -26 -6 64 2 -33 34 37 32 -36 16 24 46 -22 11 -57 -3 -11 2 -12 -3 -52 3 23 -32 -42 48 26 -14 12 5 -1 -21 -58 7 14 -2 -1 2 -39 -11 4 25 -32 12 17 46 2 9 2 27 14 36 11 -34 15 28 29 2 30 12 -4 19 4 -32 -79 3 3 27 -33 -3 37 11 -17 34 28 14 ]
[ 38 -6 -26 -50 -10 11 -32 8 30 -13 47 -41 -43 56 49 17 -4 -10 -10 -50 68 45 59 4 -36 -38 -75 57 -20 -40 -27 42 5 -26 -51 30 17 63 37 -8 29 -22 19 10 -1 9 -19 27 45 -13 7 -36 -27 -77 7 35 61 -3 -1 -3 38 -8 79 30 23 2 4 -20 -41 5 1 -10 0 15 -69 -29 -7 -18 34 15 -15 -31 -24 -24 53 -2 4 58 31 -38 17 -32 32 18 8 7 -1 10 -34 -26 ]
[ 58 -42 -73 -36 19 20 2 35 -14 5 59 -30 -16 24 10 9 -14 -31 -21 -40 93 -55 30 18 56 -36 -84 13 -9 -31 -23 2 27 54 12 37 -8 28 67 -5 43 -44 68 12 70 -3 -12 46 30 6 6 40 -52 -38 34 15 12 33 -11 -1 39 -64 64 5 12 -42 9 54 -57 9 -4 2 -56 -9 -94 -21 -34 29 30 70 -39 6 70 34 59 -47 34 70 30 -17 -54 -52 27 -54 14 9 19 -25 -31 21 ]
[ 22 -44 25 -54 16 -7 44 -2 -84 18 -10 -19 -15 -81 -32 -39 -6 -1 -12 -21 55 38 29 -34 -24 9 35 -30 12 -20 0 17 -3 -29 28 -13 20 -7 -57 1 -41 -12 -22 51 -9 -48 -18 16 -29 -61 -21 2 -21 -48 29 16 61 -14 -2 -32 -63 72 26 37 27 9 -78 -37 -34 36 69 -20 2 -17 10 -96 21 54 18 -87 -9 -2 7 15 -9 4 11 8 -16 -38 35 16 5 21 -68 -5 37 9 -76 -16 ]
[ -5 -23 66 47 -8 -22 -39 19 -64 -61 -53 -16 31 -9 13 -11 -40 0 -20 24 -43 -33 18 22 20 37 40 -36 64 35 34 -26 -45 0 14 -24 8 -5 27 6 -48 22 -11 -29 -17 44 8 -26 -7 -74 -27 9 8 -11 5 9 -43 -35 22 -22 -63 -25 -12 -39 -20 10 8 10 10 -2 -10 -28 29 2 5 18 5 -48 27 -31 12 23 -13 -50 -30 -29 25 0 10 -6 35 -26 17 64 -30 -27 -47 -7 52 -52 ]
[ 2 -27 5 -38 24 19 0 -4 -38 0 -26 8 31 -58 -43 -57 -13 -9 11 4 75 -13 16 -1 78 6 26 2 -13 -12 -8 13 -26 -3 29 -34 79 78 -40 -24 -2 20 -67 -9 -10 -4 -10 24 -10 -15 -9 3 10 21 -36 -9 42 -30 34 -59 -31 18 7 -13 -7 17 25 -35 -12 -32 21 15 15 13 -7 -21 -23 -3 23 -9 -65 -16 -21 -23 28 -11 -9 28 0 -34 20 -15 21 5 -26 20 22 23 -33 -7 ]
[ -14 9 -14 41 -28 -17 -7 37 13 -15 -15 -2 -41 54 -9 -28 -43 -31 9 -12 -8 35 8 0 52 -47 43 -55 10 19 48 -29 58 -9 37 81 20 0 -5 -9 -33 -41 -26 -29 11 -31 34 8 61 15 10 -33 1 57 46 8 39 11 -21 -36 -23 -7 20 -21 -16 9 63 20 19 19 -10 -9 -10 15 -54 31 -10 -38 21 29 -8 21 -22 -9 -37 41 -5 28 -2 24 -65 -36 37 10 1 42 25 10 65 -7 ]
[ 13 -20 -22 -53 -15 17 -4 31 10 15 19 -22 -42 -11 20 6 35 14 7 36 28 4 2 -6 -4 -24 -35 21 3 -30 3 -33 -4 -60 -20 10 47 -11 7 19 22 -36 -27 -18 56 33 17 -23 14 -46 -26 36 12 -4 -10 18 27 16 -40 -32 -23 18 6 18 18 24 37 -1 13 -8 -18 -5 -2 15 3 0 -3 -21 -37 -32 -9 -39 -12 -16 -10 6 -95 -1 64 -39 33 24 18 4 -17 -25 16 -7 -16 -26 ]
[ 2 -46 -26 -49 -34 57 1 90 8 -19 46 -59 -37 58 -30 71 52 7 23 -79 84 5 6 0 46 -19 57 -46 -4 54 -8 -38 47 -8 -71 -2 15 40 44 28 21 14 38 38 16 11 -25 3 10 8 -51 -29 61 21 24 -4 20 17 -12 -26 13 50 -32 5 55 24 75 -12 -8 -9 24 32 21 7 -7 -24 -13 -54 32 12 -31 -17 32 -16 -6 9 -28 59 8 -125 11 -41 37 29 31 27 29 38 -13 -22 ]
[ 42 15 61 8 17 -26 -64 -33 -29 1 -29 -11 -15 -34 65 -46 -3 29 -70 35 -6 19 36 12 -89 -11 -13 54 38 5 -6 3 -54 -102 -37 -73 35 -23 30 44 22 -7 -8 -31 -17 8 -10 -25 -13 -54 -5 17 3 -70 -14 73 10 -38 1 9 -13 -18 21 23 4 -8 -37 7 0 -15 -35 -51 -9 13 16 -29 10 -4 3 -33 51 43 -81 -36 -33 -1 34 -35 -24 20 35 23 10 -22 -19 -45 -15 -79 8 -47 ]
[ 11 13 -33 -18 22 48 18 -13 40 -33 16 -8 -4 22 38 41 16 -67 5 -41 -23 16 -37 23 -31 -3 -20 67 -21 -20 2 26 -16 21 5 32 9 29 -15 22 23 20 23 16 -65 -4 -40 20 -17 17 30 -2 -12 34 -22 11 12 5 51 -8 57 -50 5 57 21 17 -26 -1 -41 32 17 -16 61 -41 0 5 4 19 32 74 25 -35 59 -12 16 25 -3 50 -25 33 12 -3 -12 -28 23 20 -39 35 -19 0 ]
[ -4 36 2 19 68 23 -23 41 -45 -15 -67 -13 0 -36 54 -21 12 42 31 5 -35 -22 -43 -40 -34 10 46 -17 29 -9 16 -64 -28 7 36 -27 -9 -23 -24 -46 -7 31 14 -8 -2 -24 -14 -84 -36 3 -26 51 -32 -3 -9 42 -50 3 41 4 36 -18 -7 -42 -61 -51 -49 3 27 -42 -24 -24 45 13 27 -36 -8 10 36 -15 1 -13 -28 8 6 -49 -21 -49 -12 37 32 -26 29 6 -1 -13 37 -19 -7 8 ]
[ -9 9 -4 -23 -30 -28 -1 -10 4 37 -2 -2 -8 16 -4 23 15 9 -7 -10 6 8 -26 12 17 -39 11 11 15 -6 -31 5 -2 -37 5 -3 16 -1 26 -32 -4 -4 -3 7 -2 -3 16 5 30 5 -7 -33 30 -26 24 -14 13 -28 -38 -37 -4 35 4 12 3 12 -2 15 17 -7 -13 7 -24 8 4 14 -17 -16 -7 -15 -5 27 2 -23 22 30 -8 -19 -6 3 -7 13 12 13 18 27 30 41 -6 10 ]
[ 5 -7 16 8 -24 -54 24 -46 -18 43 -1 32 55 -17 -34 -41 -29 26 -4 12 0 -16 -28 29 -6 -1 -8 -5 -7 -30 -22 69 8 18 53 8 38 -28 -14 -8 -24 -26 -26 -14 -13 -3 7 40 30 -41 50 -39 24 -13 60 -27 23 -38 -42 3 -59 23 5 8 4 13 -13 -49 4 10 42 -17 -52 -9 -22 -19 -3 24 -20 10 -10 14 -29 -12 35 9 15 -41 -20 24 26 -1 -5 -23 -18 1 34 3 -1 27 ]
[ 11 -4 3 45 -13 -71 14 -15 -8 31 -9 35 -2 -37 -15 -33 -57 9 4 10 -28 -4 -4 18 41 0 37 -9 34 10 -15 -13 31 -36 35 -40 -25 -49 -37 -21 -24 -47 4 15 23 -18 44 -5 13 -31 22 0 -9 -13 23 50 7 4 -16 5 -17 37 20 67 -59 -57 -2 17 58 30 -16 -27 -60 -24 3 5 19 -1 -23 -11 -8 48 2 -23 -32 -14 0 -94 -5 36 -57 21 -27 5 1 -17 11 -61 -9 10 ]
[ -36 -31 -41 -74 -10 100 7 61 -12 -10 55 -7 -46 -2 1 68 91 -41 -38 -12 40 7 -5 -10 8 4 35 8 -67 65 61 -23 -36 35 -98 -26 18 26 -15 18 11 15 -26 -11 -2 40 -13 -15 -98 76 -28 18 -11 -7 -86 -63 26 6 -10 -63 40 4 0 -47 48 9 51 6 -81 17 19 91 23 56 -2 -1 5 -14 -26 -12 -12 -84 56 42 10 18 -11 42 43 -71 25 -32 16 13 24 29 7 76 -39 -15 ]
[ 43 -56 -12 -57 -7 37 -10 -6 -16 28 29 17 53 -54 -44 -11 -21 18 35 -42 46 -31 24 -2 21 49 -15 34 29 -41 -57 58 1 -2 20 2 5 63 -14 -21 37 16 -4 44 20 39 7 60 14 -7 21 -13 31 30 -2 -1 40 9 -13 -2 -5 22 23 30 -12 16 10 -31 -25 20 14 5 -5 29 -9 -17 -22 13 19 -4 0 -10 75 -7 -15 -18 -38 7 -30 -19 42 9 21 -22 -18 -7 10 -1 -26 -26 ]
[ -42 33 -39 -48 14 -4 46 -35 -6 50 -14 0 -10 3 24 16 51 -8 -55 37 28 12 -48 11 -14 -54 -13 -5 -50 -38 -13 27 -34 23 4 -21 32 -39 -31 -15 -43 -34 -31 -29 -57 -8 0 10 -28 7 34 1 -32 -23 -49 -43 29 -36 -33 -61 5 7 20 1 49 -44 -15 10 -63 1 10 58 49 19 -12 -15 -18 2 -2 26 -46 -38 -5 42 68 -17 -29 18 32 -7 11 -22 38 -48 14 19 6 56 -36 18 ]
[ -47 -12 25 76 -58 -64 49 30 -15 -42 45 30 -34 15 -17 27 -7 -36 -47 45 -46 20 23 22 21 -15 11 -23 -1 72 75 -22 -2 15 9 42 -4 -45 -20 34 -60 -28 7 -70 4 20 -4 -62 -21 -18 7 -1 -6 -12 16 13 -31 36 -9 20 -30 22 -16 -19 10 41 13 -6 39 52 51 -8 -33 -43 -3 -37 96 -31 -75 -22 9 -35 11 26 -5 12 -9 -2 38 3 -15 2 -64 36 -46 4 -29 -4 8 6 ]
[ 3 17 0 60 17 -25 24 -1 36 0 29 49 -10 1 -16 -71 -46 7 -8 14 11 -10 26 3 2 14 -32 11 -23 30 3 15 7 6 54 -15 -21 -15 -30 -19 -3 5 10 -20 30 7 5 2 10 6 53 15 -27 37 9 -10 -4 31 -3 68 5 -55 26 -13 -33 -20 29 31 22 -21 -1 6 -29 22 22 42 55 18 -47 -24 -13 39 -20 -11 -15 -16 -18 -58 36 46 -32 6 -39 -17 -8 5 14 -19 -5 -15 ]
[ -62 14 -45 -25 32 14 73 48 -29 23 -12 -18 -27 19 -27 42 71 -34 -4 11 49 -6 -11 2 52 -10 47 -75 -49 6 31 -37 21 22 18 -18 -2 -19 -57 -35 19 23 8 22 -22 -48 23 -29 -18 20 -19 43 -38 15 -36 -20 9 32 -10 -47 -35 18 5 -12 37 -43 8 40 -6 -40 8 62 57 53 34 3 10 10 24 -28 -49 -39 38 99 29 -31 -45 50 49 -25 -23 -8 29 4 26 43 7 52 -39 41 ]
[ -1 -3 -47 48 -36 -19 23 -11 54 40 32 22 14 37 -17 -34 -34 -8 40 -30 -10 -50 -23 1 61 26 -3 -23 -38 -3 -5 11 60 67 73 34 -12 -56 -8 -35 -45 -58 22 31 38 8 24 7 34 60 45 -9 -12 43 31 -18 -29 24 -18 10 2 -32 15 43 -65 -76 59 -18 34 20 1 14 -70 -5 -37 48 3 -38 -20 75 -51 25 34 -12 19 -42 -23 -40 11 43 -50 -18 -35 36 42 16 34 -2 25 23 ]
[ 32 -22 28 -2 18 -27 -36 29 -64 3 5 -30 27 -1 48 36 28 64 -48 15 54 -56 41 19 -13 2 -38 24 32 -4 -20 20 -36 -38 -47 -81 19 -13 0 42 37 13 35 -14 38 31 -10 -61 -11 -64 -61 32 29 -92 0 44 -41 -35 -23 9 -4 18 34 9 31 -23 -14 12 13 -50 -35 -27 -40 -6 16 -62 -2 -39 -15 -21 11 16 -62 45 30 -71 -2 21 11 -26 39 12 13 -8 -18 -52 -34 -64 -25 -10 ]
[ 13 5 46 34 -18 -37 -36 -27 -34 37 -29 -11 53 -8 -16 -31 -16 19 3 -1 -26 -4 48 44 -18 8 101 -22 43 -27 17 -12 -6 -22 27 -13 -45 -18 -26 4 -9 1 -25 -13 -36 30 38 20 12 -10 3 6 26 -8 4 41 -19 -23 -11 -7 -65 47 -17 45 -32 -8 -29 6 10 -8 -28 -52 -6 1 -4 13 -46 5 23 -8 46 30 37 -32 -21 -30 7 -21 -70 -7 25 15 -15 7 7 -46 -37 -25 45 1 ]
[ 8 19 -16 -10 -4 11 -29 -3 -31 -6 -55 -45 -30 0 77 42 -38 15 29 -15 -65 -5 -13 -30 -62 -41 3 -8 15 5 31 -5 23 30 -11 27 -26 -8 -2 11 -31 -86 1 14 -55 -50 -3 -1 -15 57 -5 6 -25 -44 8 35 -19 25 52 17 -15 5 -30 -19 -40 -37 -36 -9 -8 13 -28 -59 7 -8 -28 7 -13 22 50 32 39 -15 -3 -8 19 11 17 -18 -2 -2 -6 -21 -13 15 28 -33 -11 23 8 -27 ]
[ -43 36 34 -7 32 -18 -13 -50 -33 25 -84 33 49 -29 -15 -25 -10 34 4 47 -13 36 1 -37 9 25 9 -25 -30 -25 -21 22 -10 -35 27 -59 24 21 -43 -20 -12 14 -84 14 -60 -54 49 16 -33 -3 -6 -24 -16 13 -47 -3 44 -63 -17 -30 -24 27 30 4 -20 26 -10 -21 -6 -20 14 6 -6 19 30 14 -5 -6 12 -35 2 33 -68 35 -42 15 35 -9 -9 43 2 52 17 -18 -22 -18 -4 -11 -13 30 ]
[ 13 -30 -5 -25 -6 -14 28 -13 11 31 -7 -20 -6 -13 -7 -14 4 20 1 9 16 -22 -6 8 37 20 -2 3 10 -17 -46 -11 -3 13 2 -32 10 -16 -10 -4 -7 7 8 48 31 12 7 22 32 -21 -36 4 21 -11 7 -12 16 -21 -13 -33 1 23 2 48 -21 -56 13 -6 30 -8 -23 0 26 -36 21 2 -21 -5 -13 -5 -51 -16 15 3 9 -25 -47 -20 33 -3 20 5 28 25 -9 -29 19 9 -20 -8 ]
[ 20 -73 43 -29 27 45 8 13 -45 -84 -20 4 33 -28 11 29 -5 -2 -63 10 27 -4 17 0 0 38 11 -12 37 12 -8 32 -40 1 -76 -83 58 49 9 54 -11 39 -37 -14 -8 18 -50 28 -30 -50 -7 -33 15 -29 -51 -8 46 -53 -2 -9 -12 -9 -18 20 49 -7 10 -75 -67 3 -15 11 67 -44 35 -33 6 3 31 11 11 -26 -14 -3 -8 -13 0 49 27 -33 78 -21 79 -35 -39 -56 -26 21 12 -62 ]
[ 25 -4 11 28 -24 -15 0 -23 32 24 -1 -28 -23 11 20 -26 -11 -8 -3 -18 -29 -33 -5 3 -14 28 1 15 8 13 -20 3 9 -5 14 14 -6 -20 7 49 -3 2 21 33 6 23 6 8 72 -2 1 0 5 17 36 27 -8 12 7 13 0 -2 -20 26 -23 -50 34 22 44 6 -24 -25 -2 -9 21 1 -9 -32 2 34 3 9 2 -19 -26 -17 -43 -36 -11 25 0 9 -10 22 -6 -29 11 14 21 -45 ]
[ 4 -5 -13 -5 7 18 6 9 5 -13 8 -3 -6 5 -2 11 3 -18 22 -22 11 -5 4 -16 3 5 -8 2 -5 -8 11 -2 6 19 -18 7 -30 22 2 9 16 -9 15 16 12 -9 12 16 -22 21 -10 2 -8 0 -4 -10 -14 3 19 3 18 -5 -11 -14 4 -21 2 7 -2 -11 6 15 -14 -5 1 -4 -4 14 11 19 -1 -6 11 -4 2 16 26 23 21 10 -22 4 1 16 -8 17 -5 14 -27 -11 ]
[ -8 48 18 53 -7 -35 -29 -15 -7 21 -22 4 -8 -12 36 -30 10 -2 8 11 -61 0 -10 8 -47 -1 40 20 -3 41 36 -30 -10 -12 27 13 -14 -55 -22 2 -19 -24 -1 -12 -18 -14 11 -31 -23 -1 -2 7 -11 -17 10 61 -47 -22 20 18 -14 2 -16 16 -40 -23 -40 1 47 -25 3 -56 -12 6 4 -17 21 7 -19 22 24 25 -40 -34 2 -8 50 -63 -31 51 -48 -15 -37 39 16 8 0 -57 1 19 ]
[ 25 -25 -28 -32 -3 66 -14 21 25 -13 29 -46 -30 25 50 20 28 -27 28 -50 25 -16 9 -27 -25 27 -21 14 -21 -3 -15 -9 15 25 -20 31 17 9 19 27 7 12 3 29 9 41 -33 -12 6 33 -13 16 -20 1 -7 36 -12 34 34 9 19 -43 12 3 14 -39 34 -16 -12 -17 -7 -1 23 9 -30 5 -23 4 35 47 -5 -37 19 -14 0 -10 -19 35 41 -9 15 -9 11 4 30 3 11 12 -9 -50 ]
[ -43 38 36 80 -28 -79 38 -14 29 9 18 14 -19 29 -57 -22 2 -38 12 -7 -23 39 7 64 14 6 65 0 -3 33 21 -24 8 -1 31 17 -31 -7 -13 9 -1 45 43 -22 -30 0 21 -36 9 7 26 -2 30 9 60 -14 -8 19 42 -2 -19 45 2 -15 -15 -2 2 41 67 14 48 -13 -2 -12 1 -15 37 -7 -25 -44 8 -9 5 4 -23 41 -14 -42 0 12 -16 27 -81 28 -1 46 3 -8 11 40 ]
[ -35 29 -4 11 -3 16 -37 17 53 -33 36 10 -19 -2 -43 -15 37 -42 13 39 -8 39 15 21 44 19 31 21 -34 20 33 -78 -14 -33 -34 -8 -11 1 32 -41 32 41 -17 -48 0 43 -35 -50 -13 15 45 36 -6 56 -53 -28 -9 23 30 -17 19 -21 12 -29 6 67 29 23 -4 -9 25 48 -6 20 -1 39 6 -36 -2 -36 0 -30 23 -11 -64 11 -31 11 -10 -57 6 19 -54 21 24 7 -25 -32 21 71 ]
[ 17 8 -5 2 9 -3 -19 -36 13 11 -19 -12 30 1 -9 -10 -35 20 -5 1 -8 -28 4 -4 18 -15 -3 -21 12 -26 -27 13 -3 14 17 -6 -30 5 9 -25 -10 -7 -3 -1 -22 5 5 40 29 -9 24 1 -9 10 -18 -20 -12 -1 -17 24 7 -13 -7 13 4 -5 -36 2 -19 0 -18 13 12 -38 -9 43 -33 2 39 30 -7 30 7 -1 0 -43 -1 -11 -42 -35 9 -13 10 -31 19 -34 -33 -4 43 10 ]
[ -34 31 -8 18 -41 -20 -15 1 18 27 -43 -50 -26 53 26 26 1 31 -1 23 -69 3 -40 3 33 -53 37 -55 -16 65 -21 -66 17 21 5 29 16 -52 20 13 -40 -14 -40 -38 -52 -5 -21 -14 55 27 -34 1 28 58 20 1 -38 2 -13 -16 3 12 -35 -6 10 27 44 20 33 -19 -3 -31 19 -33 -14 47 -20 -37 2 42 -30 3 -7 -15 -39 -31 -18 -37 5 -54 -8 -21 -21 16 28 4 -2 42 77 13 ]
[ 1 2 -35 23 -15 -38 58 -34 47 16 18 36 -44 30 -4 -4 -42 -78 -25 -6 -29 45 -45 23 19 -50 -35 -24 -14 -33 -4 36 60 -16 -9 27 18 -23 -7 -1 -31 -38 -28 32 -2 25 -4 46 38 21 34 -5 -11 29 42 -14 53 12 -15 -8 7 -22 -8 14 25 -47 43 50 10 45 -15 39 -11 -19 -24 31 22 30 -14 43 9 4 17 32 -24 49 13 -8 8 75 -77 -10 -3 -62 0 16 26 1 36 21 ]
[ 7 -1 2 4 3 -10 3 3 -4 -11 13 7 2 -10 -12 -14 -15 -1 -6 -1 3 4 1 13 -1 2 -5 11 18 -2 -7 13 -5 10 0 7 -11 -13 18 -8 -2 -6 18 -24 -7 -8 -13 11 -10 -8 22 6 -11 3 14 -1 7 10 -1 13 12 -17 0 -1 -7 5 -12 -11 -32 13 9 -2 4 0 9 -11 -3 7 -2 -1 6 1 10 -22 -2 -25 -2 -2 0 -15 6 -2 6 -1 -11 -2 -4 -16 0 -7 ]
[ 4 36 -11 -10 11 6 8 -45 23 66 -33 -31 -20 -18 32 -24 29 46 -2 25 -18 -42 -33 -46 -41 -17 -8 5 -60 -1 -18 -30 7 3 29 4 -19 -58 -39 12 -6 -22 0 24 -21 -9 -4 11 34 37 -3 -5 -7 -22 5 14 -23 7 11 16 14 46 -30 17 -26 -24 6 0 46 -29 -26 6 3 -38 37 -5 -6 4 -13 24 -33 2 -28 26 27 7 -8 -76 -48 11 3 27 -34 -21 15 -53 12 3 -42 6 ]
[ -9 -29 4 3 -22 24 22 5 -8 -9 11 8 -14 -5 1 14 28 -47 -41 -10 -16 4 -10 17 -18 25 40 -17 5 37 29 -1 -10 19 -24 -7 21 -13 0 8 -37 10 -21 3 -19 24 -18 2 -28 20 13 -11 10 9 -32 -10 11 -1 -12 -16 -16 -9 -35 2 10 -25 2 -12 -40 40 0 34 38 7 11 -5 29 -6 0 9 9 -17 22 20 -15 20 -1 5 0 11 18 -32 -8 6 13 11 16 34 28 -25 ]
[ 23 -9 24 5 -6 -27 -21 -11 -22 -3 -19 15 38 -43 -12 -19 -15 20 -15 24 5 -30 2 7 38 2 12 20 38 -14 -7 6 5 -53 25 -26 27 -3 -3 -5 1 -14 3 -21 -13 -12 -9 28 39 -59 -10 -47 30 -2 1 28 19 -45 -4 1 -34 5 0 55 -46 38 1 -38 28 -1 -21 -30 -29 -27 8 -41 28 -21 -11 23 11 31 0 -34 14 -8 12 -12 -56 9 8 -2 26 2 -24 -36 -13 -20 -20 7 ]
[ 7 -32 4 -38 19 -10 57 17 -60 -41 10 37 57 -22 -9 61 -13 43 -40 5 40 36 -17 42 -32 -47 -25 -5 66 -45 -19 54 -27 24 -41 -31 -33 15 21 34 -18 -25 22 -73 -47 -48 -20 68 -37 -70 3 -42 48 -46 10 -14 37 -13 -37 -19 6 49 -30 24 6 49 -73 -75 -108 45 50 -41 33 -41 12 -101 -2 40 -6 -42 9 -29 24 -5 69 4 4 53 6 -35 40 0 32 -51 -71 42 -31 43 -36 -14 ]
[ 32 6 -28 -36 9 1 -26 0 -4 -9 -51 -39 -50 -5 77 11 -49 34 1 -19 -32 36 -34 -21 -42 -68 -34 28 51 -3 -28 0 11 -7 -36 3 9 12 24 1 -28 -55 -8 12 -19 -30 -14 31 5 4 -12 3 -16 -24 9 47 26 -17 19 -15 44 20 1 15 -38 -36 -35 -10 -10 7 -30 -69 35 -54 -40 -15 -44 21 40 27 -6 -13 -33 -29 16 3 14 -39 16 18 -24 -46 46 0 -1 -7 10 8 9 -39 ]
[ 7 -42 2 -19 -11 23 11 41 -48 -4 39 -16 -12 -6 27 56 48 -25 -32 -32 50 -41 2 30 0 17 11 16 4 45 12 26 -21 -8 -24 -17 45 7 10 41 2 22 39 16 -1 26 -24 -59 -46 -9 -14 -2 27 -45 -17 38 5 14 -4 -23 -31 -6 -13 22 17 -42 29 11 -24 28 0 0 14 38 22 -59 15 -61 7 -2 0 5 36 23 32 5 -26 32 15 -30 20 6 -22 25 31 23 7 -18 -27 -34 ]
[ -11 16 -39 5 3 18 -4 22 24 6 -6 -26 -44 21 25 -10 3 -20 32 -7 -14 2 -22 3 17 -17 15 -12 -36 17 11 -61 18 37 13 29 19 -8 3 -26 -4 -9 -12 3 -14 8 -15 -31 3 34 0 41 -30 26 10 16 3 23 42 -18 6 -15 2 -27 -28 -40 48 31 22 -8 11 -4 17 1 -42 18 -15 -1 20 38 -38 -25 13 2 5 11 -27 -12 28 0 -11 -33 -14 10 39 8 37 -2 20 19 ]
[ -15 -24 11 34 0 -28 2 7 -44 -26 20 30 40 -30 -23 -2 -15 -36 -24 26 17 -49 23 18 68 19 -10 -31 5 -8 47 29 -10 9 4 -9 10 -11 -21 -43 -13 17 -35 -32 -8 64 -25 -28 -19 -23 7 11 -17 -2 -25 -17 -18 3 5 -1 -55 -34 7 -22 -10 11 -2 0 -8 -10 -3 32 -25 -4 -4 -32 5 -16 10 2 -16 -6 19 18 -1 -34 18 45 -2 3 -9 -1 -24 20 -7 -12 -64 -28 25 42 ]
[ 12 13 -27 -17 -19 -15 -12 -10 26 50 57 16 1 -13 -13 -20 10 15 -1 -2 21 -1 25 -6 0 -18 -35 40 -4 -21 13 41 8 -30 0 26 -37 -25 -35 -42 16 -9 10 -24 36 32 10 0 18 -5 8 22 2 4 -18 -14 -18 9 -43 -26 6 8 42 8 -5 19 -29 -1 -10 -18 -1 2 -49 31 -23 -5 -14 25 -38 -38 2 -1 6 -11 11 -31 -21 -17 -35 -19 -23 19 2 18 8 5 -28 -3 -27 23 ]
[ -17 -6 -29 0 -5 0 7 4 5 36 -16 -3 31 7 -44 -18 -23 19 52 -18 -7 -13 -12 -10 57 44 17 -51 -7 -16 -16 -3 40 49 33 -5 -42 -17 -15 -31 -16 -16 -14 42 12 -7 23 -4 -6 13 10 19 -9 74 13 -27 -22 -5 -16 -48 0 10 18 2 -5 -24 39 14 -22 11 29 26 -23 28 -26 47 -49 -1 4 -7 -42 3 35 22 -51 -36 -20 0 7 -6 -18 30 -6 8 28 12 6 24 19 30 ]
[ -3 40 9 11 8 -37 -1 -25 7 17 -16 0 -15 4 19 -10 1 14 -7 13 -18 33 -11 1 -36 -46 -13 16 22 0 -11 20 6 -37 14 17 -4 -15 4 -15 -1 26 16 -23 -23 -31 0 -8 -7 -19 -4 9 22 -11 3 24 -1 0 -3 13 -1 -8 -9 -8 10 -18 -66 3 21 -5 -6 -35 12 -19 1 1 2 26 -1 -22 27 31 -45 -1 15 17 30 -38 -16 30 -26 25 7 -6 -6 20 -1 -39 -4 1 ]
[ 2 -6 2 -1 -5 17 -42 12 -9 -5 -18 -31 7 7 43 9 16 16 -1 5 -9 -16 -6 3 0 -1 23 -21 17 6 1 -37 -19 8 -13 -7 19 1 39 1 -41 25 -29 -18 -13 40 -29 -25 8 -23 -33 19 14 8 -32 24 -14 -27 -14 -29 -23 -8 0 16 -16 -20 8 -3 2 -20 -6 -22 31 -14 -27 -9 -42 -41 36 16 -17 -21 -24 -8 8 -26 -42 11 0 -22 33 -23 0 18 26 -14 -8 -9 39 8 ]
[ -2 40 9 24 -4 -33 -21 -3 12 15 10 8 0 -5 -6 -42 1 39 -11 37 -13 5 -4 16 -19 -29 3 23 -6 -5 33 -24 -8 -17 25 9 -19 -45 4 -5 6 -31 31 -57 8 -13 6 -16 12 -29 10 -3 -12 1 6 -21 -2 -32 -25 1 -4 17 23 -2 -17 40 -12 -3 29 6 0 -33 -48 1 -16 -7 13 4 -56 -21 16 27 -11 -20 17 -11 -5 -36 -33 -13 3 -12 -24 6 -11 -2 -3 -30 8 31 ]
[ 28 -8 8 16 -8 10 2 17 -7 -12 24 -8 -4 -7 11 -10 6 -19 -2 -48 -12 -29 -8 -4 -28 23 12 28 8 28 1 3 3 0 26 39 2 -6 11 -9 17 4 57 14 -9 3 -46 -17 25 2 32 -10 -16 -9 34 24 -34 11 29 19 -10 -23 6 8 -12 15 -5 -15 22 17 -18 -39 -14 29 21 -22 36 -16 12 46 16 12 34 -32 20 -13 16 -14 -44 14 21 -23 8 26 -19 -17 35 18 -21 -28 ]
[ -4 -4 -17 21 -32 14 -9 9 30 -22 23 18 -23 -13 5 -5 14 -42 -27 -8 -47 -27 -68 5 9 20 27 10 -24 62 37 -21 -1 9 -16 -11 43 -47 11 -53 -41 -30 11 9 6 23 -51 -42 7 0 53 -16 -8 6 -18 -29 -18 -23 7 3 17 -14 -21 -2 -22 3 28 -34 17 44 15 45 -13 -2 -4 23 64 -50 -22 46 -18 6 -4 -22 1 2 14 -54 -38 3 16 -64 -4 35 46 -9 40 23 33 10 ]
[ 1 -1 -16 -16 13 32 -12 16 7 -15 6 -3 -18 10 29 12 9 -14 12 0 11 12 1 -12 -12 -12 -29 12 -9 -18 14 -2 -4 -2 -23 18 4 29 5 18 16 19 -29 -7 12 31 4 -7 -21 17 -13 10 -4 7 -9 7 15 17 13 -3 22 -25 0 -38 10 -9 13 25 -18 -8 -15 9 0 9 -17 2 -31 14 7 -8 20 -25 -5 7 -2 24 -1 25 27 28 -12 11 -7 -11 -7 27 -3 -5 8 -18 ]
