[ 35 93 -206 25 -70 -49 9 -42 57 46 71 -88 -63 11 116 43 -57 -95 8 100 -162 -196 -51 -112 7 -76 -24 -7 -62 -53 -41 -30 -21 69 -107 -28 -50 172 -97 48 -52 9 62 -17 -36 -97 76 -71 -46 36 -47 91 -141 119 -212 57 -3 -57 47 98 62 -5 33 40 -76 -45 8 2 -25 -150 24 213 63 109 84 ]
[ 5 18 100 -48 120 0 -69 45 -32 -78 -129 32 8 -50 -42 60 -57 171 21 -8 49 75 50 -7 -89 59 45 75 105 -19 106 20 -38 -2 70 -9 27 -123 59 -81 -135 86 -110 47 -40 -33 -22 53 41 119 -39 -57 -25 17 -13 -154 29 83 -19 -136 -45 38 55 -23 31 42 36 -12 90 132 -7 -79 30 22 -96 ]
[ 130 -5 60 -22 116 -53 -149 29 46 -13 54 -71 32 65 10 171 -101 23 27 44 20 -40 52 -6 -12 -91 85 48 -19 1 26 89 25 61 -19 -156 50 -53 -7 -119 68 27 -19 63 5 -1 -69 63 74 76 87 -139 8 74 -4 -17 -1 -60 17 -17 -98 66 -9 46 -88 78 6 -187 -66 -80 -43 7 -61 39 61 ]
[ -18 8 -20 109 0 -7 80 -89 -62 -42 -113 -23 -31 52 -12 61 -41 37 -46 -17 24 89 -22 -56 97 78 73 -30 -6 13 117 11 42 -117 72 -9 -144 80 128 64 -14 38 29 -25 -43 53 -58 60 -119 46 -67 74 113 64 38 -128 50 -88 -13 -27 67 -45 37 50 85 41 -108 -39 24 36 -76 -71 35 -45 44 ]
[ 56 -87 57 129 52 119 -54 57 -77 89 47 -120 50 79 35 44 67 75 31 112 4 -20 -82 -45 66 59 20 -80 -60 23 59 43 5 -44 56 -95 38 -15 -46 -97 56 58 43 -1 -25 -50 -31 -101 115 79 -82 -14 118 69 -2 -45 -31 -81 -86 -139 -172 31 149 63 27 46 -27 -69 -182 -15 3 -48 -16 118 86 ]
[ 8 -91 4 69 -29 29 53 -50 -90 26 -6 -12 34 34 -5 -60 26 -59 -30 -19 -54 -59 60 54 49 78 8 -118 -18 16 -139 -11 18 -75 94 15 12 41 33 67 104 -65 -31 40 12 68 -72 -53 11 -77 13 132 5 36 136 -4 36 -109 -40 66 -18 -32 -25 -26 -48 109 -98 18 14 1 -29 -18 -33 -104 44 ]
[ -42 -102 95 31 -6 -67 -117 -63 -38 27 30 63 -19 1 -39 -56 -5 -121 -56 42 41 72 29 35 -70 9 -121 -68 116 0 113 -57 -28 95 3 195 33 -5 -56 70 25 -53 -14 85 -10 63 -63 -16 40 -46 24 26 -31 -36 213 -122 -94 106 99 -28 -24 55 -41 -36 -116 -82 52 0 56 102 -81 -32 -15 -8 -35 ]
[ 34 9 -161 53 -37 -63 -12 -170 20 33 23 -46 87 -12 -58 -126 -27 -31 -20 97 35 -89 -100 -46 34 56 -22 1 -73 -71 46 -65 -40 0 -143 43 -5 28 -188 59 201 -96 113 89 14 -144 4 -72 -91 -115 49 29 -77 55 -2 -22 -217 -42 -49 -46 109 -127 112 121 146 -50 -66 71 83 -5 -3 -44 -29 -14 14 ]
[ -52 25 -60 4 -32 110 -27 6 68 12 4 -30 74 36 75 33 -29 17 33 -20 -94 -67 -66 -7 -5 26 96 -10 -17 -54 -93 84 -57 3 -7 -33 -37 117 63 -29 -85 -38 -57 -23 -159 -42 31 -135 -13 -82 -116 30 -133 70 -149 26 70 -49 -42 10 -43 25 148 106 -45 58 -27 1 50 -121 72 27 -49 41 86 ]
[ -32 -39 -55 84 -9 116 17 15 -14 130 7 -53 117 59 71 0 21 18 -17 100 3 -69 58 -21 -5 81 82 -22 -47 20 -35 37 -9 39 12 101 24 12 -63 3 -24 23 -68 15 -138 47 82 -84 58 -75 -28 111 -95 60 -7 58 56 15 -60 -13 -40 62 122 33 -61 -19 36 65 -60 22 4 -3 45 77 -8 ]
[ 63 -1 23 -56 31 -42 -22 40 -1 -55 3 9 -87 -41 14 -20 -9 26 86 -51 -58 25 12 -27 -48 52 5 -43 11 -25 30 -70 -65 -12 47 -85 -62 -13 -39 -7 -7 120 60 -73 49 -16 -39 -2 -152 85 -14 -5 103 12 -29 -137 2 12 59 -47 121 -101 -42 -61 29 42 -18 -7 -19 -65 114 2 -81 -87 -16 ]
[ 2 -96 -25 84 81 -66 -116 -109 -129 -5 24 -79 42 42 49 -1 14 -153 -109 81 30 -30 63 -105 17 38 -72 44 15 40 19 -148 -24 12 -37 80 -138 -46 -32 69 17 -69 86 115 -49 139 -15 48 73 -10 19 144 47 50 55 -6 -61 -33 -53 27 -71 84 33 -55 -88 -51 -33 -15 64 80 -169 -99 -91 -116 -7 ]
[ -63 -30 -44 88 -41 44 42 13 -60 -98 -157 0 -59 -31 -49 -17 47 -69 -107 16 22 -32 -1 -86 63 127 -27 -36 63 21 -16 73 101 -7 75 44 -32 69 80 125 129 -87 46 -68 -2 132 -44 -36 7 -89 -82 63 22 -4 120 -40 2 -72 -38 -15 -70 -34 37 -26 37 -29 -29 -11 88 145 -101 -45 35 -49 -27 ]
[ -26 -108 28 111 -29 -12 -62 24 -52 -84 -53 4 -50 54 83 26 -6 -94 20 -78 -17 57 35 -139 42 -1 41 -125 195 -61 100 61 -88 -15 84 -76 -57 57 -52 96 52 -6 49 -57 -95 41 -153 -47 -5 -12 3 -14 48 -130 -12 -99 36 37 -65 -61 45 41 56 28 -72 -68 1 -67 -126 -158 -86 -9 -21 -68 52 ]
[ -4 18 4 12 34 111 52 20 43 38 -26 -97 98 31 52 120 105 -64 -7 45 -21 -114 -27 13 8 89 85 68 -11 74 -135 16 2 2 3 -86 -9 75 45 -61 40 56 64 77 4 -26 61 124 31 -22 49 -12 58 67 -70 86 21 -140 -129 -55 -173 50 65 17 52 66 -71 -18 18 28 34 47 -9 2 -50 ]
[ -29 56 -64 123 -22 -70 53 -112 -78 61 -137 -147 97 36 -4 93 -67 -16 -129 21 -51 -43 -24 -186 -2 78 4 -8 -10 22 -52 -23 23 -93 35 1 -52 43 -14 29 -30 125 -106 136 11 13 76 136 -29 76 10 202 -71 69 -52 -59 -61 -119 -52 -22 73 8 -14 -37 -2 20 -25 65 23 89 -125 44 3 61 45 ]
[ -20 -37 35 43 -75 26 37 -26 4 119 -13 15 -9 -37 -22 26 73 -24 -32 -21 25 -33 -46 33 60 12 7 -16 -82 29 -8 16 32 28 -21 30 21 32 -2 58 40 -16 79 -42 38 106 -25 -83 0 -56 45 112 53 -45 -44 33 -5 -36 53 6 -61 -27 -35 19 19 -62 47 42 16 76 -114 -44 -103 11 -9 ]
[ -28 -171 39 20 16 89 -26 4 -26 69 83 75 56 -37 33 -80 73 -65 28 -81 -17 -98 111 -16 17 52 -21 -41 6 -13 -27 -84 -36 22 -20 75 -59 39 -105 52 43 -166 57 121 -100 87 -100 -58 -43 -76 121 112 15 -153 15 130 24 34 -86 13 -48 26 -23 -70 -33 -73 42 42 -82 33 -25 -50 -46 -105 -31 ]
[ 87 65 -18 -74 17 -134 25 -148 76 -81 4 102 -138 -68 -65 -45 -78 140 -13 52 -46 -67 -50 3 -124 4 14 59 -110 10 41 -132 -102 -31 53 -74 -173 -52 51 -41 -1 30 -3 -3 33 -80 91 -20 -109 154 -21 -67 101 43 -81 -102 -189 -17 49 -121 125 -103 -17 -30 179 122 -43 7 75 -27 215 -39 -22 -40 13 ]
[ -115 -27 75 32 22 167 8 36 -46 -16 -37 85 18 -32 -25 19 5 54 -62 -39 11 18 -9 48 104 135 74 41 18 -74 28 120 0 -80 -53 164 32 68 87 58 -58 -30 -122 -7 -54 -34 -53 -52 86 -8 -150 36 -94 -39 84 77 103 -15 -128 16 -114 128 -12 106 119 23 19 54 113 101 84 -37 11 8 -4 ]
[ -7 -89 0 22 -97 -63 -36 -112 36 47 10 50 -24 -176 -40 -113 25 -35 9 -57 -92 -176 58 55 9 -7 -2 6 -3 39 -68 -15 -98 72 78 -15 14 84 -111 89 197 -150 118 30 72 72 -19 -73 13 -184 53 58 -47 -114 -39 44 -6 -111 -69 -74 -30 -47 -7 -53 -65 10 -1 118 17 -22 -20 -67 -79 -181 -61 ]
[ 73 46 -61 -59 52 -20 110 -28 20 8 -49 19 10 14 -100 47 -90 106 10 23 33 -1 -46 15 -4 -23 109 97 -39 -32 47 -74 28 45 56 -44 38 -60 18 35 -7 14 -9 -76 49 -6 89 20 -141 52 125 51 23 16 -125 -84 44 8 9 -43 88 -120 -5 -32 63 61 -20 -15 17 16 -38 -80 88 -9 -25 ]
[ 6 85 -33 -17 -7 -108 -14 -63 63 2 -92 -42 -51 -48 -17 46 -28 -25 -29 -100 -100 -118 -16 -143 -153 -42 -156 23 -9 -38 -70 43 17 -47 -126 -62 -92 40 -27 -42 -21 68 -81 83 -79 -18 33 102 -191 50 38 34 -90 34 -119 -27 -55 -41 40 -74 71 19 -74 -38 80 125 -29 6 62 -35 -31 41 40 82 -12 ]
[ -44 -19 -61 7 -3 146 93 65 -48 11 15 34 72 64 57 1 39 39 50 -44 -75 15 -113 87 15 9 21 44 -9 -7 -59 -8 48 -108 -40 37 -161 -53 45 -12 -33 -97 -50 -91 25 35 -5 -39 -94 -18 -45 -76 -15 60 57 22 41 62 -34 54 42 72 36 39 48 -12 -28 21 -16 -20 73 -18 -30 72 85 ]
[ -2 12 -28 22 22 43 -4 -13 -17 -88 -78 -30 76 -1 -21 38 28 22 87 -30 33 -26 -48 -66 -93 56 21 -44 29 -3 31 60 89 -106 -24 -55 -106 42 -10 37 55 32 -30 78 -95 -79 -9 154 46 34 -67 1 63 11 41 58 -49 -119 9 -3 -89 -64 210 113 40 -3 -36 21 102 -9 -4 -26 20 35 -20 ]
[ -37 78 69 -83 37 -7 29 -48 125 -89 -113 47 2 -15 -130 118 -64 34 -28 -12 -13 -44 89 27 -92 -22 -70 109 11 -1 12 116 57 59 -85 -78 18 82 138 -23 -36 -41 -159 34 -97 -96 -122 72 -5 6 25 -38 -40 -48 6 -72 35 -20 -64 -26 -3 -43 -88 1 82 94 -50 -48 58 98 32 83 47 -43 -199 ]
[ 59 -61 2 -18 0 -14 -6 55 -8 -13 35 15 -71 -52 -24 -102 24 -80 -7 -19 71 -22 29 -80 57 -3 29 -164 43 13 -5 -71 -45 70 54 4 29 8 -27 5 16 14 105 -60 92 52 11 -14 -15 -85 13 -25 56 -46 -22 23 -72 -15 -32 -23 -11 -41 46 -64 -58 -47 81 -54 -29 -51 -8 26 61 -50 63 ]
[ 34 24 -14 17 -12 -67 15 -21 19 25 21 -17 -56 35 12 13 11 -52 6 24 77 -2 98 -47 3 -99 -56 -24 40 17 36 -3 -3 21 -45 29 -16 27 -22 -18 -25 30 17 -28 15 -49 20 41 -19 16 50 43 -1 3 -10 16 10 67 26 69 77 -4 -66 -7 -18 -45 -70 -36 -18 27 -56 63 41 -19 -25 ]
[ 25 -38 6 58 32 -2 -126 108 -9 -47 -3 -75 -161 -110 0 -44 68 -27 -32 92 34 -114 77 -145 107 -50 -56 -102 -11 26 34 -48 -9 31 33 21 17 10 -30 22 59 9 131 -38 30 31 86 -56 10 38 29 0 26 49 -30 -46 -69 -52 -74 -113 -186 2 60 -6 -17 -95 60 -87 4 98 -85 -24 104 55 22 ]
[ -16 -164 50 79 98 245 -67 65 -49 102 216 -95 98 68 8 -66 97 41 124 81 15 -9 -15 27 138 112 51 -81 -76 32 67 -36 7 -88 -64 88 -5 3 -163 36 18 -90 140 19 -36 -38 -35 -154 34 -108 -97 180 141 35 59 -24 84 17 -116 24 -29 0 77 64 9 -54 -54 105 -83 38 75 -104 -43 -58 57 ]
[ -9 -36 -23 20 24 -55 -95 -25 -120 -117 -49 115 -37 -28 90 -142 -52 4 -1 -94 26 69 63 63 50 -36 -15 -65 81 -63 98 39 -12 -38 -16 87 -54 -37 13 -64 -20 -19 -42 10 -68 -8 28 -38 -61 -12 -83 -79 -71 57 102 -66 38 -9 -14 66 22 27 60 101 -33 15 -21 -51 91 -44 -19 -43 49 -56 38 ]
[ -52 32 44 21 -138 -8 102 26 46 59 -32 -11 -20 -15 -11 75 92 -5 52 -39 -124 51 -82 127 -14 -117 -30 -57 -69 -19 -37 81 25 -87 63 -105 -35 -13 50 55 40 -16 -10 -53 79 59 -108 -15 0 2 32 -27 9 -24 52 -8 -2 -15 34 -45 -15 -85 -75 39 25 -24 86 69 -50 -9 21 16 -37 57 66 ]
[ -7 11 -46 -8 -21 -12 113 37 3 -8 -66 -23 55 92 13 -19 19 -104 -76 22 130 -41 32 -77 14 -40 74 -163 95 101 -43 -125 24 -13 57 83 30 1 14 -33 -20 12 105 50 56 69 139 154 -114 -72 176 60 58 -136 -50 18 65 57 75 35 2 -42 64 -87 7 -85 125 -24 -15 3 -22 -3 187 73 -95 ]
[ 98 -26 -4 23 -47 -58 38 -45 -39 81 -78 144 -7 -52 31 6 -75 123 28 -81 0 -74 47 46 -41 -63 88 -8 5 -87 23 18 -95 16 147 -70 16 -42 -54 -59 114 66 -49 -79 54 7 -5 -7 30 38 30 -15 -6 18 -21 49 27 -45 25 -20 37 -57 64 19 -84 69 -50 -68 -26 -61 0 11 5 17 51 ]
[ 8 -96 54 -18 78 40 -139 -2 -12 -27 68 32 51 -39 -31 -53 19 -24 75 -41 31 37 7 25 -64 13 -51 13 43 -52 85 73 34 102 -72 41 11 -70 -104 -22 11 -78 -15 84 -90 -1 -80 -24 152 -62 -47 -36 14 -3 71 63 -62 -58 -28 -25 -80 14 119 104 -38 -11 -13 11 35 -33 -102 -81 7 -46 12 ]
[ 19 -91 27 15 2 -19 2 -37 -12 -43 50 83 -40 30 -3 29 -106 -53 -46 -4 37 -32 57 -16 61 -12 129 -85 82 80 80 -70 -10 -22 36 17 -59 37 -7 97 25 -72 58 -71 35 67 -67 29 -13 11 82 26 44 -146 67 -49 51 12 47 62 -33 49 -27 -71 -52 -62 51 -36 -61 -71 21 24 -2 -55 15 ]
[ 23 84 -145 -1 -17 -108 47 -18 -13 -107 -118 38 -91 7 12 -26 -75 -13 -33 25 18 22 -60 -34 -12 -72 44 -6 79 -9 80 41 68 67 -36 7 -70 -35 -1 -45 -38 23 21 -105 29 38 105 70 -147 24 -26 -114 -132 35 -35 -150 -17 18 80 51 123 33 -2 51 39 -17 -13 -105 41 -52 -32 4 176 26 -34 ]
[ -10 -48 11 -7 7 38 85 37 -137 99 13 32 36 15 17 2 -40 -53 -58 -123 87 98 -4 -60 67 87 -1 -4 14 58 -53 -63 82 9 34 118 24 -90 -1 16 -123 91 -30 -1 33 128 30 -28 47 75 50 110 59 -88 85 169 89 28 82 102 -20 24 -83 -98 -83 -128 91 19 27 40 -128 -11 -111 -59 -5 ]
[ 28 -40 -3 -90 14 60 92 -2 14 42 74 113 5 48 -36 -59 -56 24 -24 -68 63 32 -77 40 38 -1 43 51 -43 34 -12 -45 -44 77 -10 -30 -17 -53 63 -69 -23 -35 68 -160 23 66 44 -107 -68 -48 -7 -52 109 -128 -61 38 70 53 53 55 74 -23 -27 -84 31 13 96 -19 -25 -72 87 -66 -28 -82 6 ]
[ 2 -11 93 -106 86 43 -51 116 53 -80 -37 9 34 -66 -12 69 59 -69 58 -34 30 30 11 50 -49 4 90 -7 132 47 57 60 18 123 0 -28 55 -84 19 -74 -52 50 62 51 64 88 -26 174 56 -7 40 -101 41 -24 -24 17 31 8 -34 -39 -150 93 22 -37 -6 -82 98 -33 4 7 -40 -32 28 -34 -141 ]
[ -51 78 -12 -23 -63 -40 71 41 18 -32 -87 58 -62 -79 -63 42 -51 48 22 -69 -59 106 -40 66 -34 -12 27 4 55 -27 15 112 105 -43 40 1 62 -41 14 1 15 50 -54 -13 63 -71 63 68 -28 28 -43 -15 -149 6 122 -63 30 34 78 8 29 -83 -122 -4 30 -16 28 -12 52 6 -64 46 63 79 5 ]
[ -19 17 -23 -99 58 49 -5 39 -44 -76 55 -24 56 18 -58 -69 -43 11 -6 30 23 -3 -28 -23 33 39 -19 31 -30 32 -60 -157 -11 -53 -79 48 9 37 65 87 -44 -49 -9 -9 16 -90 -26 -30 45 -34 -87 75 45 -41 -69 35 34 23 29 86 17 -4 47 -47 -40 46 73 93 74 19 28 -9 -65 -46 7 ]
[ 52 60 -42 -66 -43 -110 31 -96 54 11 64 34 -26 100 33 -26 -86 -24 15 -26 4 -19 16 41 -105 -127 -47 -74 -15 29 -75 -32 -37 -48 -59 -53 -110 83 9 -54 -13 -48 -57 20 -68 -81 -49 -19 -86 16 -26 -80 -11 23 -49 7 36 42 142 151 148 -66 -47 44 4 87 -8 -38 79 -102 102 58 -9 -67 29 ]
[ -86 -1 -31 82 30 13 -42 46 -155 3 -127 51 -25 -45 94 -41 65 9 -206 8 94 -19 39 -104 90 103 -61 51 -18 -96 -8 -92 43 -36 -56 239 12 -140 -29 0 -80 23 -26 50 -82 141 103 -1 -31 116 94 74 -57 0 76 60 -3 57 -32 80 -39 164 -7 12 90 -123 47 -28 134 225 -142 -12 67 86 7 ]
[ -23 44 -92 79 -136 -36 93 22 -73 19 -47 -53 -2 -21 53 59 -39 -54 -21 -75 -102 -32 -58 -45 167 -69 35 -66 -5 -63 -32 41 18 -106 29 -49 50 90 59 98 27 15 40 -83 106 -21 -96 11 18 7 60 43 -73 -33 31 45 25 -84 53 56 -34 -16 1 -2 -81 -36 86 13 -60 -77 -56 106 -31 73 148 ]
[ -123 67 20 -6 -115 85 141 37 89 28 -88 -80 39 -61 0 94 151 -49 -3 -86 -158 -32 -53 55 8 50 -32 -17 -42 5 -163 51 98 -32 48 -68 -41 110 106 3 -129 -60 -10 58 29 63 -63 82 -70 -41 112 86 -9 -46 -62 61 36 -134 -69 -28 -66 -103 -80 -61 95 6 -25 107 13 45 19 61 -80 -27 -22 ]
[ 45 55 -137 52 15 48 93 -28 -9 27 27 -101 -39 96 30 76 54 -48 21 75 -45 -77 -117 17 77 -23 31 100 -39 -37 -119 25 114 -83 -113 -37 -103 40 -51 30 73 26 36 -33 87 -20 106 39 -78 67 -41 36 -39 132 -68 -28 34 -160 -18 98 3 -27 -52 156 146 90 -214 -26 20 -117 -84 -13 32 -35 -6 ]
[ -4 -14 45 -56 100 57 -74 81 25 -86 15 -24 -25 -137 -86 -26 25 28 122 -85 -43 28 15 -5 30 68 -42 33 27 33 52 14 113 42 -9 70 -5 50 22 -11 31 -25 75 111 9 -29 -15 138 -32 -54 -41 32 80 43 42 22 32 -42 -95 -24 -60 11 -47 2 47 29 -62 7 38 52 -105 17 57 -82 -98 ]
[ -21 -46 -4 139 -116 -23 -54 -12 73 90 93 -119 -89 -19 -1 -31 106 -36 -35 73 -24 -80 45 -140 2 -37 -129 -115 -84 51 -52 67 1 -10 -8 -38 -4 25 -58 29 72 -131 106 -43 -61 20 -28 -137 94 -61 43 79 -24 3 -65 38 -167 -12 -2 -88 42 -21 8 -9 -23 -45 -39 7 -173 10 -29 25 -33 77 152 ]
[ 22 43 -79 71 -112 -39 92 -98 39 115 -1 -30 -16 48 44 80 7 -59 -55 44 -21 -111 -55 40 31 -9 97 14 18 -21 -87 16 2 -8 33 56 -1 87 -29 67 101 31 75 9 68 -21 63 39 11 -10 96 58 -41 41 -62 22 0 -121 81 -31 28 -51 -1 22 53 87 -44 54 57 -74 -55 83 2 -2 24 ]
[ 98 -52 -97 3 41 81 59 -128 42 130 101 -70 173 87 -164 28 -122 70 76 73 -18 -184 -187 -19 -112 9 88 -6 -103 60 -72 35 32 10 -102 3 -64 -47 -105 29 146 -104 11 5 59 -57 16 -47 -6 -104 17 51 -20 49 -69 2 -59 -68 79 29 87 -29 138 195 108 40 -32 111 33 -5 104 -108 -27 9 -30 ]
[ 57 -1 24 -51 11 -74 66 -31 -96 13 -78 75 38 25 -91 -70 -94 15 -108 5 45 60 -71 -2 -27 49 -23 -31 44 -74 12 -88 -111 115 88 50 111 -117 52 -109 28 84 -54 -37 142 -19 -45 -34 -10 102 69 -90 20 -12 87 -49 -93 90 31 -47 137 -6 10 -28 -40 45 41 -79 -12 54 44 29 13 -33 -39 ]
[ -16 14 84 -44 -20 -14 -19 -3 119 71 93 -98 18 -21 -86 96 2 -39 22 -6 -65 -7 -18 -29 -65 -97 -107 1 4 87 15 55 24 63 -20 -43 -35 0 -7 -79 -108 -99 13 26 98 44 -92 -30 45 -7 5 59 2 -54 -82 31 -41 81 4 -55 17 -10 -74 -96 -30 -47 100 54 -75 7 -24 94 -123 -2 20 ]
[ -32 -3 69 -122 57 -17 -94 36 28 -150 45 78 -114 -81 7 -15 0 -16 17 -8 -63 -29 30 95 -76 -19 5 133 123 71 -39 -24 -7 39 5 34 -71 41 57 67 -73 -52 -46 -26 12 52 27 53 44 -2 -90 -121 11 -68 14 -40 100 -10 88 18 -53 125 -26 -113 -17 83 77 83 90 -73 101 -21 18 -122 -90 ]
[ -58 47 -38 -6 -29 18 -106 105 -17 -68 4 -101 16 -69 80 -46 64 47 109 -16 -112 -67 7 28 23 -130 -133 58 1 51 -46 51 47 -74 -95 -34 40 -18 3 -33 -35 -52 53 -53 -60 -71 17 -53 96 -54 -38 -18 -50 35 -56 -24 20 16 13 7 -94 67 77 35 -113 42 35 110 -57 -91 -52 47 -19 52 -11 ]
[ 32 -72 60 70 75 33 -123 -43 -14 41 84 -18 -14 30 55 -16 104 69 79 108 8 -125 76 -10 -17 -62 -57 -37 -62 -2 31 -115 -24 -89 -23 63 -94 24 -99 30 53 6 54 142 -107 -68 20 -38 26 -1 27 82 124 21 -1 13 9 -28 -41 -21 -70 -5 93 162 24 5 -77 31 -50 75 33 2 -18 -19 10 ]
[ -83 20 -1 59 -117 -48 18 21 -181 -76 -168 67 14 -43 99 -54 78 -71 -150 -89 33 39 -74 63 132 56 -45 -7 58 -111 -36 25 -5 -53 35 57 109 6 83 -11 13 -34 6 7 73 60 -82 10 107 82 19 -61 27 -124 69 50 -3 -102 38 55 -126 121 1 72 -39 -36 53 40 131 40 -75 11 -47 31 40 ]
[ -35 -54 -30 31 4 -33 -15 -112 -87 30 32 71 104 85 -3 -109 -190 22 -67 -60 111 100 3 -47 25 25 -16 -93 26 83 72 -79 -35 -103 -119 100 -17 -86 -65 6 0 -26 -47 -3 -108 -48 24 -58 -47 5 -23 15 -25 -63 87 -42 7 124 50 132 141 22 9 21 -54 -84 77 32 79 2 -46 -2 -18 -16 6 ]
[ 51 25 -34 -77 36 0 11 5 56 -19 56 17 1 39 -77 -41 -32 8 53 12 41 84 -90 59 -14 -48 6 12 -29 -22 11 18 50 42 -49 -46 -46 -40 -31 -64 43 -81 24 -31 50 -41 -2 -53 -74 -52 -56 -106 8 61 17 -53 -47 40 -18 42 118 -73 -48 98 52 8 -47 -58 45 -68 26 -34 25 -93 37 ]
[ 89 101 -66 -1 -105 -155 94 -88 89 6 -28 -33 -180 -15 -42 40 25 -44 -16 115 -20 -80 10 -6 -42 -83 14 -50 -52 -5 -47 -26 34 50 91 -64 -27 142 3 134 11 19 39 -52 100 -7 7 50 -1 19 -17 56 42 110 -97 -47 -48 -83 140 -11 90 -186 -58 -32 42 67 -94 44 9 -25 24 49 46 -28 17 ]
[ 32 118 -114 -106 -3 -4 35 114 6 -86 -41 14 -90 -70 91 -86 67 -17 22 -2 -79 -14 -80 70 39 50 -40 107 -52 -32 -116 -98 -12 51 -12 -17 40 -21 97 -87 17 118 124 -131 104 -56 194 -50 -161 2 -23 -160 -5 124 -93 -51 -80 -66 39 -45 22 -59 -32 -64 45 102 -92 -83 24 -114 52 82 -11 1 -26 ]
[ 41 -12 -18 -77 105 30 24 -37 -40 -61 -1 8 63 -21 -125 -24 -59 -10 65 -71 50 25 -62 -2 -19 38 3 8 67 -40 71 -52 37 -21 -69 43 -63 -1 -12 41 2 -34 -10 63 109 -60 -67 115 -45 -19 -3 31 42 42 2 -53 5 -50 -3 -11 41 -64 79 41 66 23 -52 6 211 4 -48 -85 58 -101 -29 ]
[ -29 49 -75 -50 22 -11 26 19 -10 -72 42 -37 -15 23 -30 -27 -90 6 39 -33 -56 73 -79 -7 -10 21 -57 55 50 58 38 -29 107 -47 -93 40 -47 25 -38 44 -49 -16 26 -83 7 -29 21 86 -140 26 -28 39 -28 -14 24 -84 69 93 115 79 143 -29 -72 -117 30 41 11 31 65 -51 1 6 51 -21 1 ]
[ -115 14 -34 -35 18 124 23 64 82 -80 23 -63 38 -3 -91 2 31 -16 15 -32 -56 2 -121 -111 -46 81 -59 52 84 17 -96 31 93 8 -49 -13 -32 24 -45 4 -55 -125 3 14 -31 -22 49 13 -59 -56 -34 62 -78 -155 -92 1 -19 67 -76 28 41 -2 -2 -21 75 -79 -14 35 64 -14 4 26 10 8 -8 ]
[ -50 114 -30 -22 8 -32 -7 -39 95 -86 -25 -14 -36 39 -29 61 -30 47 19 34 -31 19 3 41 5 -92 -36 75 7 -70 23 63 112 -80 -126 28 -7 59 -7 101 -31 -8 -147 67 -54 -91 15 69 -79 27 14 12 -91 49 8 -119 65 40 26 42 63 -33 -101 105 184 18 -41 38 101 22 -19 93 63 -10 -63 ]
[ -98 57 93 41 -55 -96 -51 -102 74 -62 -46 11 -143 -15 10 36 28 -10 -86 52 -32 75 85 44 -14 -30 -136 75 -32 79 71 63 -8 -42 -6 -17 -50 68 100 68 -21 2 -42 9 -114 12 -57 -90 0 39 -66 -25 17 25 67 -130 -38 37 5 -84 -16 0 -157 -19 23 41 -51 8 5 60 11 30 -58 -17 -68 ]
[ -56 90 -102 34 11 12 119 -20 -105 -127 -35 -99 63 105 -2 -22 11 80 41 105 7 129 -79 53 88 -100 -78 94 -58 83 158 -35 148 -164 -43 -4 -89 -34 43 68 -120 -91 -19 -109 38 -62 13 -3 -13 69 -91 -14 34 -3 35 -51 35 60 9 57 44 -36 120 83 76 17 -38 97 -97 28 37 -49 33 11 4 ]
[ 31 -58 95 -64 78 25 -93 38 -51 43 36 121 63 -50 46 -15 -65 53 -41 -69 -2 12 -30 40 4 50 112 -16 -65 -93 55 -71 -149 61 1 49 94 -141 -17 -82 -40 123 -78 7 -14 43 2 -34 56 34 44 -63 13 -23 -28 80 -19 -21 -29 -3 -65 151 8 61 -32 6 124 -35 -26 -59 111 7 -71 72 112 ]
[ 9 82 -58 -57 -36 5 96 22 43 -67 -59 5 43 11 -68 15 -13 84 77 -4 -17 47 -80 73 -50 -49 -23 87 -22 7 17 70 109 19 41 -119 25 11 45 5 81 -37 -48 -115 24 -51 -20 44 11 -25 2 -71 35 -27 14 -30 23 10 47 -9 39 -112 42 9 63 56 -59 -19 -31 -32 22 61 28 30 -20 ]
[ 66 -54 38 40 80 -25 -21 -47 -70 18 -6 14 10 58 28 42 9 -9 -47 87 96 -21 64 -33 10 51 32 35 66 -56 100 -122 -42 39 80 82 4 -34 -25 1 -37 58 19 99 -2 -17 -6 64 -10 81 135 4 124 5 100 -22 -15 10 10 -63 -21 32 72 -41 -25 16 -17 -7 -44 67 -27 -42 -16 25 -59 ]
[ 35 -9 18 -2 -3 15 24 -58 59 94 84 -2 3 7 -38 64 -17 -32 6 28 -10 -26 -61 46 -5 10 59 28 -46 -21 33 22 -71 42 -16 -18 4 -7 -25 -36 48 70 32 -26 59 -80 13 -8 -18 -29 25 7 -11 46 28 -21 -82 -75 -32 -15 -59 -2 -40 28 69 11 -27 -8 -12 -7 57 -45 -22 43 25 ]
[ 48 6 -72 -10 29 -13 58 -12 -26 66 58 -28 -30 98 0 57 -49 -77 -27 60 -2 -29 -103 -90 -33 -21 13 9 67 -26 -23 -99 32 46 -4 40 -21 1 -88 68 -30 56 8 13 39 21 83 23 -63 99 27 33 21 -16 -75 -18 53 31 90 45 86 4 -13 -77 -14 -68 21 9 34 -70 -25 45 44 -14 -31 ]
[ -12 -8 -37 43 5 72 105 -53 -57 118 49 -22 43 117 0 42 -7 -31 -30 43 16 14 -62 -25 46 33 26 45 -12 -38 -19 -30 0 -40 -31 83 -45 73 -60 102 -11 12 -44 26 18 -46 37 -51 2 22 -83 122 11 -24 -30 79 135 4 -37 56 71 -9 -12 49 29 -24 -5 51 6 25 11 20 -22 -45 40 ]
[ 51 34 20 82 -135 -151 62 -91 65 55 -51 54 -75 -35 30 76 -6 47 -75 -37 99 -14 154 57 128 -150 75 4 -129 -16 81 102 20 -59 84 -139 45 34 36 -15 89 -71 83 -74 -21 61 -60 41 46 8 153 -2 47 -76 34 127 29 -79 54 -33 -87 -102 -66 10 37 73 29 -46 -95 -21 -50 -17 9 62 143 ]
[ 3 75 53 -92 103 -7 -40 103 19 -173 -44 2 -46 -66 -93 -11 24 110 65 -37 170 60 47 -28 -36 -21 -17 62 109 4 64 51 148 -54 -55 33 73 -111 -76 -84 -109 -24 15 20 -16 -120 67 167 26 137 20 -57 87 -101 19 33 36 88 51 19 -10 -15 49 45 123 -14 1 34 150 27 -3 -15 152 -17 -119 ]
