[ 35 5 130 -18 56 8 -42 34 -52 -32 63 2 -63 -26 -4 -29 -20 -28 87 -115 -7 73 6 -44 -2 -37 59 34 25 -16 -9 -52 -7 98 8 19 23 -10 28 2 -51 -19 52 -86 -23 -123 45 -4 -21 22 98 57 -16 -32 -58 32 -83 -35 51 89 32 41 -29 -115 -50 -98 -56 31 9 66 35 48 -12 51 3 ]
[ 93 18 -5 8 -87 -91 -102 9 25 -39 -1 -96 -30 -108 18 56 -37 -171 65 -27 -89 46 85 -19 12 78 -61 24 -38 -164 -36 32 11 -26 -96 -91 84 -48 -40 -11 78 17 60 -1 44 67 55 -14 -46 43 -52 -1 14 -3 47 -72 20 -54 25 101 118 -12 49 14 114 57 90 -58 82 -54 -9 6 -8 34 75 ]
[ -206 100 60 -20 57 4 95 -161 -60 -55 23 -25 -44 28 4 -64 35 39 -18 75 0 -61 -33 -61 -28 69 2 -14 6 50 -23 44 -46 -4 54 27 -145 11 -3 93 -12 -23 -42 -31 -92 20 -137 45 -4 -79 -97 24 84 69 -38 60 -1 -30 -34 -66 -114 -18 -75 -34 -30 93 -102 95 -58 38 18 -72 -37 20 53 ]
[ 25 -48 -22 109 129 69 31 53 4 84 -56 84 88 111 12 123 43 20 -74 32 22 -59 -17 7 22 -83 -18 17 58 79 20 21 -8 23 -18 15 -1 -7 -90 -106 -23 -99 -66 82 79 -6 52 -56 139 71 3 -51 -44 -122 -6 70 59 31 -77 -1 -106 -77 -50 -35 -22 41 34 -64 -57 40 -2 -10 43 82 -92 ]
[ -70 120 116 0 52 -29 -6 -37 -32 -9 31 81 -41 -29 34 -22 -75 16 17 22 -97 52 -7 -3 22 37 0 -12 32 98 24 -138 -21 -47 78 2 -17 7 14 86 -63 58 -43 30 -136 -115 15 100 -116 -112 41 11 -20 57 -29 75 -117 4 36 -105 -3 105 22 18 8 -55 11 78 -36 80 -3 29 5 -135 103 ]
[ -49 0 -53 -7 119 29 -67 -63 110 116 -42 -66 44 -12 111 -70 26 89 -134 167 -63 -20 -108 146 43 -7 -14 -67 -2 245 -55 -8 -12 -58 40 -19 -108 38 60 43 -40 49 -110 13 -36 85 48 57 -23 -39 81 -74 -14 -17 18 33 -48 -33 0 -155 -4 30 -11 124 -32 -96 12 25 5 -25 15 -13 72 -151 -7 ]
[ 9 -69 -149 80 -54 53 -117 -12 -27 17 -22 -116 42 -62 52 53 37 -26 25 8 -36 110 -14 93 -4 29 -6 15 -126 -67 -95 102 113 38 -139 2 47 85 92 -51 71 -5 31 -42 93 141 93 -74 -54 92 59 66 -19 -94 -106 -123 18 -15 11 94 35 24 26 23 -7 -51 119 -93 96 -21 24 58 105 62 -40 ]
[ -42 45 29 -89 57 -50 -63 -170 6 15 40 -109 13 24 20 -112 -26 4 -148 36 -112 -28 -63 65 -13 -48 55 -21 108 65 -25 26 37 -45 -2 -37 -18 37 -2 116 41 39 -96 46 22 37 -28 81 -12 -98 -128 -31 -3 36 105 -43 21 -112 5 -88 114 -37 19 64 -39 -102 -20 38 22 -47 -58 -12 -53 -91 103 ]
[ 57 -32 46 -62 -77 -90 -38 20 68 -14 -1 -129 -60 -52 43 -78 4 -26 76 -46 36 20 63 -48 -17 125 -8 19 -9 -49 -120 46 3 -39 -12 -12 -13 -137 14 53 18 -44 54 -155 -73 89 -9 25 73 39 42 -96 119 28 -17 -14 -181 -87 56 89 6 -40 -10 82 95 74 -105 -51 43 -70 59 -26 -57 65 19 ]
[ 46 -78 -13 -42 89 26 27 33 12 130 -55 -5 -98 -84 38 61 119 69 -81 -16 47 8 2 11 -88 -89 -13 25 -47 102 -117 59 -8 81 -27 -43 -107 99 42 -80 -32 -76 11 3 19 28 27 -86 90 115 130 13 71 -150 -68 41 -76 30 -19 6 -86 -61 -72 -80 -86 -62 -127 43 -67 18 94 66 118 55 -173 ]
[ 71 -129 54 -113 47 -6 30 23 4 7 3 24 -157 -53 -26 -137 -13 83 4 -37 10 -49 -92 15 -78 -113 35 21 -3 216 -49 -32 -66 -78 68 50 -118 13 74 -37 -87 55 64 -127 -47 -88 27 15 93 -1 101 -78 93 45 4 84 -168 32 56 -28 -41 -1 42 23 -25 -46 -35 36 -59 -6 84 58 49 -51 -44 ]
[ -88 32 -71 -23 -120 -12 63 -46 -30 -53 9 -79 0 4 -97 -147 15 75 102 85 50 19 -42 34 -30 47 15 -17 -75 -95 115 -11 -23 144 32 83 38 32 113 9 58 -24 34 51 -53 -80 -101 -24 -119 -30 -70 75 -98 78 -101 -18 67 71 17 -33 14 8 -37 -63 -14 11 -99 121 5 14 -2 -28 -22 54 2 ]
[ -63 8 32 -31 50 34 -19 87 74 117 -87 42 -59 -50 98 97 -9 56 -138 18 -24 10 -51 72 76 2 -71 -56 -161 98 -37 -20 55 -7 51 -40 -91 36 5 34 -62 56 -26 -25 -2 39 -39 -25 -89 -16 173 38 18 -114 16 -14 14 104 1 -180 -90 63 -15 38 -36 -143 63 63 43 10 3 -30 43 -75 -46 ]
[ 11 -50 65 52 79 34 1 -12 36 59 -41 42 -31 54 31 36 -37 -37 -68 -32 -176 14 -48 64 -1 -15 -52 35 -110 68 -28 -15 92 -52 -39 30 7 15 48 -66 -79 18 100 -45 -21 -61 96 -137 -19 48 87 25 -21 -81 -69 30 -43 85 39 -15 -70 -21 23 -3 39 -15 105 -50 11 58 7 98 117 -35 -66 ]
[ 116 -42 10 -12 35 -5 -39 -58 75 71 14 49 -49 83 52 -4 -22 33 -65 -25 -40 -100 -17 57 -21 -130 -24 12 0 8 90 -11 13 31 -31 -3 12 17 -36 -12 -63 -58 33 94 53 0 30 -86 -1 44 -164 -91 -86 7 80 55 99 -3 -77 -42 91 -125 -30 -91 -29 10 -2 46 -68 28 -38 0 0 30 -93 ]
[ 43 60 171 61 44 -60 -56 -126 33 0 -20 -1 -17 26 120 93 26 -80 -45 19 -113 47 46 1 38 118 -102 13 -44 -66 -142 75 -19 6 -53 29 -26 2 -59 69 42 -69 -26 -41 59 94 76 -26 -31 80 28 -70 96 -15 -46 -16 -54 -109 -41 40 -86 -24 -27 2 61 36 -22 -15 15 42 64 57 42 76 -11 ]
[ -57 -57 -101 -41 67 26 -5 -27 -29 21 -9 14 47 -6 105 -67 73 73 -78 5 25 -90 -28 39 28 -64 24 11 68 97 -52 92 19 -75 19 -106 -75 -40 -56 59 -51 -43 -86 65 -39 151 54 25 106 7 -122 -94 2 0 64 104 78 -190 -32 25 67 -59 -90 31 -30 28 11 -65 -13 9 -17 -49 -7 -6 24 ]
[ -95 171 23 37 75 -59 -121 -31 17 18 26 -153 -69 -94 -64 -16 -24 -65 140 54 -35 106 -25 39 22 34 -80 -52 -27 41 4 -5 -104 123 -24 -53 -13 -53 24 -69 48 11 -24 9 -54 -49 -48 28 -36 -59 70 15 -39 -16 47 69 -71 22 8 -44 -17 -10 6 -16 47 -10 80 53 84 -9 -32 -77 -31 47 110 ]
[ 8 21 27 -46 31 -30 -56 -20 33 -17 86 -109 -107 20 -7 -129 -32 28 -13 -62 9 10 -29 50 87 -28 -7 6 -32 124 -1 52 -76 28 75 -46 -33 -58 -24 58 22 -6 15 -206 -21 -3 21 122 -35 -55 76 -108 22 17 109 79 -150 -67 53 -16 22 65 39 15 19 -86 41 -41 77 -47 6 -27 -30 -75 65 ]
[ 100 -8 44 -17 112 -19 42 97 -20 100 -51 81 16 -78 45 21 -21 -81 52 -39 -57 23 -100 -44 -30 -12 -19 24 92 81 -94 -39 22 -81 -41 -4 25 -123 -68 -34 -69 30 -26 8 -75 -86 75 -85 73 44 73 5 -6 -8 -16 108 -89 -60 12 115 -2 -71 -33 -32 34 52 105 -69 -4 87 28 60 43 -37 -37 ]
[ -162 49 20 24 4 -54 41 35 -94 3 -58 30 22 -17 -21 -51 25 -17 -46 11 -92 33 -100 -75 33 -13 71 77 34 15 26 -124 130 0 31 37 18 87 63 30 -59 23 4 94 -102 -158 -45 -43 -24 -21 -18 45 -65 -63 -112 8 33 111 41 -20 -79 50 -56 -56 -31 -32 7 -2 -17 96 -10 -2 16 99 170 ]
[ -196 75 -40 89 -20 -59 72 -89 -67 -69 25 -30 -32 57 -114 -43 -33 -98 -67 18 -176 -1 -118 15 -26 -44 -22 -2 -114 -9 69 51 -41 -74 37 -32 22 98 32 30 106 -3 -19 -19 -32 -32 -77 28 -80 -111 -184 60 -7 -29 -67 -125 39 100 84 -80 -14 25 73 2 19 75 129 12 47 -21 -26 -29 14 -14 60 ]
[ -51 50 52 -22 -82 60 29 -100 -66 58 12 63 -1 35 -27 -24 -46 111 -50 -9 58 -46 -16 -113 -48 89 29 98 77 -15 63 -82 32 47 7 57 -60 -4 -77 11 -40 -28 16 39 -58 -53 -117 15 45 -55 -187 -71 -18 30 7 76 -74 3 -90 10 -80 -62 -79 -121 3 85 -79 -30 -80 64 -61 -103 -62 154 47 ]
[ -112 -7 -6 -56 -45 54 35 -46 -7 -21 -27 -105 -86 -139 13 -186 33 -16 3 48 55 15 -143 87 -66 27 -80 -47 -145 27 63 127 -77 46 25 -16 -34 -60 40 50 66 -23 41 -104 -45 55 17 -5 -140 40 -19 -2 -29 95 28 -10 63 -47 59 -6 70 -2 -7 -111 41 44 53 40 73 -33 46 -90 -25 57 -28 ]
[ 7 -89 -12 97 66 49 -70 34 -5 -5 -48 17 63 42 8 -2 60 17 -124 104 9 -4 -153 15 -93 -92 57 3 107 138 50 -14 14 -41 -64 61 -12 67 38 -49 -34 33 -105 90 167 8 77 30 2 31 -112 -27 -65 -76 23 -17 132 25 -14 -42 39 -19 -10 -46 5 -14 88 4 -50 10 -5 -33 46 128 -36 ]
[ -76 59 -91 78 59 78 9 56 26 81 52 38 127 -1 89 78 12 52 4 135 -7 -23 -42 9 56 -22 -3 -99 -50 112 -36 -117 -40 -63 13 -12 -72 87 -1 4 -12 39 -127 103 -69 50 -23 68 -37 -9 9 49 -97 -19 -130 -62 56 25 -48 -83 50 38 21 81 -92 -30 -100 50 -49 51 10 -21 33 -150 -21 ]
[ -24 45 85 73 20 8 -121 -22 96 82 5 -72 -27 41 85 4 7 -21 14 74 -2 109 -156 21 21 -70 29 -56 -56 51 -15 -30 74 88 -51 129 44 -1 43 90 27 -19 -47 -61 35 -32 31 -42 -129 97 88 -23 -107 5 -133 -57 -45 -16 6 14 -40 3 -57 -59 -36 -136 -78 112 -23 32 59 13 26 75 -17 ]
[ -7 75 48 -30 -80 -118 -68 1 -10 -22 -43 44 -36 -125 68 -8 -16 -41 59 41 6 97 23 44 -44 109 -164 -24 -102 -81 -65 -57 -163 -8 13 -85 -6 -4 51 -7 4 31 -74 51 -66 -17 100 33 -115 14 -6 -31 1 133 58 -37 -7 -93 12 -50 107 8 55 52 75 75 94 -16 87 35 28 9 45 4 62 ]
[ -62 105 -19 -6 -60 -18 116 -73 -17 -47 11 15 63 195 -11 -10 -82 6 -110 18 -3 -39 -9 -9 29 11 43 40 -11 -76 81 -69 95 5 43 82 79 14 -43 132 55 -30 -15 -18 -5 -42 -39 27 -84 18 -103 44 4 123 1 -62 58 26 -29 -52 -52 67 50 84 7 -32 -58 -65 -22 66 -46 67 -12 -129 109 ]
[ -53 -19 1 13 23 16 0 -71 -54 20 -25 40 21 -61 74 22 29 -13 10 -74 39 -32 -38 -7 -3 -1 13 17 26 32 -63 -19 101 -87 -52 80 -9 58 34 47 -27 32 29 -96 -63 5 -37 33 51 -21 60 -74 87 71 51 -2 -111 83 -22 -5 -32 -40 58 17 -70 79 83 -93 7 -56 -21 -26 -38 -16 4 ]
[ -41 106 26 117 59 -139 113 46 -93 -35 30 19 -16 100 -135 -52 -8 -27 41 28 -68 47 -70 -59 31 12 -5 36 34 67 98 -37 -43 23 85 80 80 -53 -12 57 15 -60 -75 -8 -32 -163 -119 52 -52 -87 -72 12 15 -39 -46 31 -36 72 11 -47 -116 71 38 -96 23 71 158 55 17 100 33 -23 -19 81 64 ]
[ -30 20 89 11 43 -11 -57 -65 84 37 -70 -148 73 61 16 -23 16 -84 -132 120 -15 -74 43 -8 60 116 -71 -3 -48 -36 39 81 -125 18 73 -70 41 -63 -45 60 112 -157 -32 -92 41 51 25 14 67 16 35 -88 55 -24 51 -115 25 -79 18 -26 -98 -52 -29 31 63 63 -35 -71 70 -122 22 -99 -30 102 51 ]
[ -21 -38 25 42 5 18 -28 -40 -57 -9 -65 -24 101 -88 2 23 32 -36 -102 0 -98 28 17 48 89 57 -45 -3 -9 7 -12 25 24 -95 34 -10 68 82 -44 18 105 -11 -37 43 18 98 114 113 1 2 32 -111 24 -7 47 -24 -5 -35 50 34 -12 37 107 93 112 -8 148 -149 109 -42 -71 32 0 20 148 ]
[ 69 -2 61 -117 -44 -75 95 0 3 39 -12 12 -7 -15 2 -93 28 22 -31 -80 72 45 -47 -108 -106 59 70 21 31 -88 -38 -87 -13 16 102 -22 67 9 77 123 -43 -53 -48 -36 -106 -32 -83 42 -10 -8 10 115 63 39 -74 -89 -53 -103 42 50 51 -21 -47 8 -80 -42 -164 61 19 39 42 46 -40 -59 -54 ]
[ -107 70 -19 72 56 94 3 -143 -7 12 47 -37 75 84 3 35 -21 -20 53 -53 78 56 -126 -40 -24 -85 54 -45 33 -64 -16 63 57 147 -72 36 -36 34 -10 0 40 -79 -59 -56 29 48 -113 -9 -8 33 -102 88 -20 5 -95 -23 35 -119 -49 91 -12 -69 -93 -49 -126 -6 -43 1 41 80 -16 -4 -31 84 -55 ]
[ -28 -9 -156 -9 -95 15 195 43 -33 101 -85 80 44 -76 -86 1 30 75 -74 164 -15 -44 -62 37 -55 -78 4 29 21 88 87 -105 83 -70 41 17 7 118 -30 -28 1 48 -53 239 -49 -68 -37 70 -38 56 3 50 -43 34 -34 63 57 100 -46 -64 -17 43 40 -13 28 -17 -4 49 -119 82 -18 40 83 -139 33 ]
[ -50 27 50 -144 38 12 33 -5 -37 24 -62 -138 -32 -57 -9 -52 21 -59 -173 32 14 38 -92 -161 -106 18 29 -16 17 -5 -54 -35 30 16 11 -59 -70 24 -17 55 62 9 -110 12 50 -41 -103 -5 -4 -1 -64 111 -35 -71 40 -94 109 -17 -46 -27 40 -63 -47 -32 -7 -50 -89 94 25 4 4 -21 -45 45 73 ]
[ 172 -123 -53 80 -15 41 -5 28 117 12 -13 -46 69 57 75 43 32 39 -52 68 84 -60 40 -53 42 82 8 27 10 3 -37 -13 1 -42 -70 37 -35 -90 -53 -84 -41 37 83 -140 90 110 40 50 25 87 -47 -117 0 41 -18 24 6 -86 -40 142 -21 -1 25 24 59 68 -34 -141 11 -34 -7 1 73 34 -111 ]
[ -97 59 -7 128 -46 33 -56 -188 63 -63 -39 -32 80 -52 45 -14 -2 -105 51 87 -111 18 -27 45 -10 138 -27 -22 -30 -163 13 50 14 -54 -104 -7 -1 -1 63 19 14 65 9 -29 59 106 -51 22 -58 -29 -105 52 -7 57 3 -99 83 -65 -31 3 97 -12 -38 -45 -7 100 43 -17 45 -25 -25 -88 -60 36 -76 ]
[ 48 -81 -119 64 -97 67 70 59 -29 3 -7 69 125 96 -61 29 58 52 -41 58 89 35 -42 -12 37 -23 5 -18 22 36 -64 55 -33 -59 -22 97 -45 16 -69 -74 1 87 -54 0 98 3 30 -11 29 67 29 -109 -79 67 -33 30 -11 6 -64 134 -87 41 44 4 101 68 68 -82 5 1 -36 68 102 -15 -84 ]
[ -52 -135 68 -14 56 104 25 201 -85 -24 -7 17 129 52 40 -30 40 43 -1 -58 197 -7 -21 -33 55 -36 16 -25 59 18 -20 40 -20 114 11 25 -38 -123 -23 -52 15 -44 -13 -80 27 -129 73 31 72 101 146 28 -108 -73 -35 53 13 0 43 11 17 2 -49 -55 -31 -21 -120 -40 81 -37 48 -30 -11 89 -109 ]
[ 9 86 27 38 58 -65 -53 -96 -38 23 120 -69 -87 -6 56 125 -16 -166 30 -30 -150 14 68 -97 32 -41 14 30 9 -90 -19 -16 12 66 -78 -72 23 91 -35 50 50 -49 -48 23 15 -60 26 -25 -131 31 -104 84 -99 -52 -52 6 -34 -26 -81 19 118 -34 -16 -125 -8 2 -91 123 -37 58 70 56 12 -71 -24 ]
[ 62 -110 -19 29 43 -31 -14 113 -57 -68 60 86 46 49 64 -106 79 57 -3 -122 118 -9 -81 -50 -30 -159 105 17 131 140 -42 -10 105 -49 -15 58 21 -30 68 62 -54 -9 -57 -26 40 -10 36 75 106 75 11 -54 13 -46 53 54 6 -47 24 39 124 -10 26 3 -147 -42 -19 -78 -48 19 32 8 -44 83 15 ]
[ -17 47 63 -25 -1 40 85 89 -23 15 -73 115 -68 -57 77 136 -42 121 -3 -7 30 -76 83 -91 78 34 -60 -28 -38 19 10 -53 50 -79 84 -71 -105 -1 -160 51 -13 -9 20 50 -83 58 -33 111 -43 9 5 -37 26 -26 -53 142 7 -3 -31 -52 -131 63 -83 14 67 9 -109 7 -115 99 -26 13 26 -74 20 ]
[ -36 -40 5 -43 -25 12 -10 14 -159 -138 49 -49 -2 -95 4 11 38 -100 33 -54 72 49 -79 25 -95 -97 92 15 30 -36 -68 79 56 54 -90 35 29 33 23 64 63 16 -68 -82 106 29 87 9 -61 68 59 142 98 12 -60 -107 73 -108 50 100 104 109 7 -31 -54 -114 38 -14 24 -2 59 39 18 -21 -16 ]
[ -97 -33 -1 53 -50 68 63 -144 -42 47 -16 139 132 41 -26 13 106 87 -80 -34 72 -6 -18 35 -79 -96 52 -49 31 -38 -8 59 69 7 -1 67 38 128 66 88 -71 -90 -81 141 -21 63 -20 -29 20 -21 -57 -19 44 52 -71 -68 60 -48 -41 -7 -56 -60 -29 -22 -91 12 -62 43 -51 -17 -80 21 -46 61 -120 ]
[ 76 -22 -69 -58 -31 -72 -63 4 31 82 -39 -15 -44 -153 61 76 -25 -100 91 -53 -19 89 33 -5 -9 -122 11 20 86 -35 28 -108 139 -5 -80 -67 105 30 44 -26 63 -26 -49 103 -96 -63 106 -15 -28 63 16 -45 -92 27 17 20 -82 24 -2 7 194 -67 21 49 15 -57 13 2 -20 -6 13 83 37 -60 67 ]
[ -71 53 63 60 -101 -53 -16 -72 -135 -84 -2 48 -36 -47 124 136 -83 -58 -20 -52 -73 20 102 -39 154 72 -14 41 -56 -154 -38 -15 154 -7 -24 29 70 -28 -107 174 68 -30 -19 -1 11 82 39 138 -137 39 -47 -34 -30 53 -53 -38 10 -58 -53 50 -50 115 86 13 69 -90 -3 -34 44 64 -8 23 -51 41 167 ]
[ -46 41 74 -119 115 11 40 -91 -13 58 -152 73 7 -5 31 -29 0 -43 -109 86 13 -141 -191 -94 46 -5 -15 -19 10 34 -61 0 -114 30 152 -13 -147 47 -68 56 -28 45 -86 -31 18 -70 -78 -32 94 11 -6 -10 45 44 96 26 107 -47 -74 -1 -161 -45 -140 -59 -79 0 -13 56 11 -10 -18 -63 2 46 26 ]
[ 36 119 76 46 79 -77 -46 -115 -82 -75 85 -10 -89 -12 -22 76 -56 -76 154 -8 -184 52 50 -18 34 6 -85 16 38 -108 -12 2 -72 38 -62 11 24 75 -48 -7 28 -34 16 116 7 -41 67 -54 -61 -10 -104 102 -7 -2 -54 -1 82 5 -52 19 2 -19 26 -56 27 39 69 34 -25 81 -29 99 22 8 137 ]
[ -47 -39 87 -67 -82 13 24 49 -116 -28 -14 19 -82 3 49 10 45 121 -21 -150 53 125 38 -45 -67 25 13 50 29 -97 -83 32 176 30 -47 82 -26 50 -7 40 -43 -87 -26 94 60 112 -41 -41 43 96 17 69 5 -90 -38 27 19 -23 -56 -17 -23 -3 -28 -34 14 -66 -91 44 2 135 25 27 -83 153 20 ]
[ 91 -57 -139 74 -14 132 26 29 30 111 -5 144 63 -14 -12 202 112 112 -67 36 58 51 34 -76 1 -38 -25 43 0 180 -79 -27 60 -15 -36 26 -114 110 -52 -101 -15 75 -80 74 43 86 36 32 79 58 51 -90 59 -121 -18 82 -61 15 -106 56 -160 31 39 62 12 -25 -14 -63 -71 4 7 33 122 -2 -57 ]
[ -141 -25 8 113 118 5 -31 -77 -133 -95 103 47 22 48 58 -71 53 15 101 -94 -47 23 -90 -15 63 -40 56 -1 26 141 -71 9 58 -6 14 44 -132 59 109 41 -149 45 -11 -57 -73 -9 -39 80 -24 -41 -20 20 2 11 -50 124 27 -25 8 42 -5 42 -28 -78 -91 17 34 13 35 124 -11 21 11 47 87 ]
[ 119 17 74 64 69 36 -36 55 70 60 12 50 -4 -130 67 69 -45 -153 43 -39 -114 16 34 60 11 -48 -46 3 49 35 57 -24 -136 18 -3 -146 35 -88 -128 -24 6 -41 23 0 -33 -46 132 43 3 41 49 -12 -54 -68 35 21 -124 -63 61 110 124 42 -14 -155 49 25 -3 -23 -27 5 46 -16 -24 -76 -101 ]
[ -212 -13 -4 38 -2 136 213 -2 -149 -7 -29 55 120 -12 -70 -52 -44 15 -81 84 -39 -125 -119 57 41 6 -22 -10 -30 59 102 52 -50 -21 71 67 -35 85 -61 -24 122 -69 -49 76 31 -62 -68 42 -65 -62 -69 87 -82 14 -56 -1 69 87 17 -97 -93 2 24 -92 8 67 35 -28 14 100 28 -75 -30 34 19 ]
[ 57 -154 -17 -128 -45 -4 -122 -22 26 58 -137 -6 -40 -99 86 -59 33 130 -102 77 44 -84 -27 22 58 -72 23 16 -46 -24 -66 -8 18 49 63 -49 -150 169 38 17 -63 35 7 60 45 61 -28 22 38 22 2 -49 31 -40 -24 13 50 -42 -53 -47 -51 -53 -84 1 -119 -130 -51 80 -30 -22 -21 -18 79 127 33 ]
[ -3 29 -1 50 -31 36 -94 -217 70 56 2 -61 2 36 21 -61 -5 24 -189 103 -6 44 -55 41 -49 35 -72 10 -69 84 38 -2 65 27 -62 51 -17 89 70 31 30 34 36 -3 25 36 34 32 -167 0 -59 -93 -41 100 20 9 -3 7 -47 -48 -80 5 69 -19 65 -38 35 -19 23 -15 -82 53 135 29 36 ]
[ -57 83 -60 -88 -81 -109 106 -42 -49 15 12 -33 -72 37 -140 -119 -36 34 -17 -15 -111 8 -41 62 -119 -20 -15 67 -52 17 -9 -15 57 -45 -58 12 18 28 53 8 34 23 42 57 -84 -134 -160 -42 -12 -121 -68 90 81 -10 16 -28 -102 124 40 -83 -66 -50 93 67 40 37 60 -21 10 10 -75 31 4 -79 88 ]
[ 47 -19 17 -13 -86 -40 99 -49 -42 -60 59 -53 -38 -65 -129 -52 53 -86 49 -128 -69 9 40 -34 9 -64 -32 26 -74 -116 -14 34 75 25 -28 47 80 82 53 -34 78 29 142 -32 53 -69 -18 -95 -2 81 79 31 4 88 13 -41 38 50 -18 140 39 -3 115 -76 26 5 9 -29 47 10 -32 90 -37 54 51 ]
[ 98 -136 -17 -27 -139 66 -28 -46 10 -13 -47 27 -15 -61 -55 -22 6 13 -121 16 -74 -43 -74 54 -3 -26 -23 69 -113 24 66 -45 35 -20 -25 62 51 102 55 -39 8 86 151 80 56 -28 98 -24 -88 -31 29 -47 -55 18 7 -21 55 132 42 -11 -45 -11 79 28 42 -84 57 -3 -9 -63 -15 45 56 -33 19 ]
[ 62 -45 -98 67 -172 -18 -24 109 -43 -40 121 -71 -70 45 -173 73 -61 -48 125 -114 -30 88 71 42 -89 -3 -11 77 -186 -29 22 -15 2 37 -80 -33 123 -20 74 -150 29 17 148 -39 -34 -66 3 -60 42 28 87 137 17 -53 -94 -70 -126 141 118 90 22 41 143 41 63 -16 44 -65 39 -21 -59 86 71 -87 -10 ]
[ -5 38 66 -45 31 -32 55 -127 25 62 -101 84 -34 41 50 8 -27 26 -103 128 -47 -120 19 72 -64 -43 -41 -4 2 0 27 -85 -42 -57 14 49 33 24 -23 93 -83 -4 -66 164 -16 -103 -27 11 -21 -51 -29 -6 -10 125 67 -5 121 22 -73 -186 -59 -64 -29 -2 -33 0 -36 151 -112 32 -2 4 -9 -102 -15 ]
[ 33 55 -9 37 149 -25 -41 112 148 122 -42 33 37 56 65 -14 -35 -23 -17 -12 -7 -5 -74 36 210 -88 46 -66 60 77 60 -75 64 64 119 -27 -2 -83 -27 22 -122 47 -47 -7 1 -80 -52 -47 8 -1 138 10 -74 -26 77 93 1 9 -48 -58 -32 79 -72 -2 -101 -157 120 8 42 72 -40 -13 -12 -66 49 ]
[ 40 -23 46 50 63 -26 -36 121 106 33 -61 -55 -26 28 17 -37 19 -70 -30 106 -53 -32 -38 39 113 1 -64 -7 -6 64 101 39 -87 19 104 -71 51 -98 -84 -37 -4 -47 44 12 -2 -61 156 2 -9 22 195 -28 -96 -113 35 162 72 21 98 -32 -64 41 -117 -21 105 -19 83 61 9 -41 28 -77 49 10 45 ]
[ -76 31 -88 85 27 -48 -116 146 -45 -61 29 -88 37 -72 52 -2 19 -33 179 119 -65 63 80 48 40 82 -58 -18 -17 9 -33 25 7 -84 -38 -52 39 -83 31 -6 30 -40 4 90 -81 95 146 47 -23 53 108 -40 -30 -17 -113 24 -39 -54 52 42 45 66 30 75 184 23 76 -32 63 -25 69 -14 29 37 123 ]
[ -45 42 78 41 46 109 -82 -50 58 -19 42 -51 -29 -68 66 20 -62 -73 122 23 10 61 125 -12 -3 94 -47 -45 -95 -54 15 -24 -85 69 -11 -62 -17 -128 13 -82 -16 46 87 -123 -36 6 90 29 -45 87 40 45 -47 83 42 5 -36 -84 8 67 102 23 41 -79 18 41 17 6 56 16 11 -68 -24 73 -14 ]
[ 8 36 6 -108 -27 -98 52 -66 -27 36 -18 -33 -29 1 -71 -25 47 42 -43 19 -1 -20 -29 -28 -36 -50 81 -70 60 -54 -21 86 125 -50 -13 51 -13 91 96 98 28 73 -8 47 86 -25 -214 -62 -39 -44 -32 41 100 77 35 -77 53 77 -47 -94 -92 -52 11 -14 -41 -51 -38 124 -59 -17 -27 21 -5 29 1 ]
[ 2 -12 -187 -39 -69 18 0 71 1 65 -7 -15 -11 -67 -18 65 42 42 7 54 118 -15 6 21 21 -48 -54 -36 -87 105 -51 69 -24 -68 11 -36 -105 19 -19 -33 -12 93 -38 -28 13 107 -26 7 7 54 111 -79 54 83 110 31 40 32 -58 44 -83 6 31 35 38 8 97 -35 -19 -7 -8 9 51 -46 34 ]
[ -25 90 -66 24 -182 14 56 83 50 -60 -19 64 88 -126 18 23 16 -82 75 113 17 17 62 -16 102 58 -29 -18 4 -83 91 -50 -15 -26 35 -61 41 27 -25 4 52 74 79 134 -60 13 20 38 -173 57 33 -12 -75 90 -57 -50 131 79 45 9 24 211 65 64 101 5 -97 -26 -31 -44 -12 34 6 -95 150 ]
[ -150 132 -80 36 -15 1 102 -5 -121 22 -65 80 145 -158 28 89 76 33 -27 101 -22 16 -35 -20 -9 98 -51 27 98 38 -44 -9 3 -61 -33 -71 -52 40 -72 7 6 19 -102 225 -77 45 -117 52 10 -74 -5 54 7 -73 -91 75 40 2 -68 -25 -114 4 -51 -14 22 60 28 -59 -32 67 -7 -70 25 -21 27 ]
[ 24 -7 -43 -76 3 -29 -81 -3 72 4 114 -169 -101 -86 34 -125 -114 -25 215 84 -20 -38 -31 73 -4 32 -8 -56 -85 75 -19 21 -22 0 -102 21 -32 -128 87 -40 -64 28 102 -142 -56 19 -84 -105 -29 -55 104 44 -24 101 -52 33 -75 -46 26 24 52 -48 1 4 -19 11 37 111 22 -27 57 -25 11 -50 -3 ]
[ 213 -79 7 -71 -48 -18 -32 -44 27 -3 2 -99 -45 -9 47 44 -44 -50 -39 -37 -67 -80 41 -18 -26 83 26 63 -24 -104 -43 16 -3 11 -81 24 4 -11 -66 -32 46 -9 58 -12 106 61 -13 17 25 83 -108 29 94 -21 47 2 11 -2 -34 49 82 -85 6 26 93 30 -49 7 61 -42 -45 45 20 -17 -15 ]
[ 63 30 -61 35 -16 -33 -15 -29 -49 45 -81 -91 35 -21 -9 3 -103 -46 -22 11 -79 88 40 -30 20 47 61 41 104 -43 49 -37 187 5 7 -2 176 -111 -28 28 63 -65 -9 67 -31 -80 32 57 -33 2 -27 13 -123 18 -19 -18 -47 -18 25 46 -11 58 51 10 63 -58 33 -71 28 -16 -22 44 -22 9 152 ]
[ 109 22 39 -45 118 -104 -8 -14 41 77 -87 -116 -49 -68 2 61 11 -105 -40 8 -181 -9 82 72 35 -43 -50 -19 55 -58 -56 57 73 17 -46 -55 26 -59 -82 -34 79 -46 -67 86 73 -27 -35 -82 77 -2 9 -33 -2 -122 52 -19 31 -16 -93 -28 1 -101 -21 8 -10 -17 11 72 30 25 43 -14 -45 62 -17 ]
[ 84 -96 61 44 86 44 -35 14 86 -8 -16 -7 -27 52 -50 45 -9 -31 13 -4 -61 -25 -12 85 -20 -199 63 -25 22 57 38 66 -95 51 12 15 -34 -5 6 -141 5 7 29 7 148 -22 -6 -98 152 24 -30 -39 20 -90 -11 10 40 6 37 17 -26 -29 1 -8 -63 -68 4 112 -20 -59 25 -31 40 143 -119 ]
