15922486913903522274738876334491173327471544233065982291422062886364771917539984633619947369979657884209891416505022976305949903782081999018601968658399212422459232014682162496366184150793214330561748936802196212819401893052051149876176865225396801900263676014808365383967944863381855436796098378947797615849584416454584458385591707302057385868132351
20
2
225
4
37
5
385601
6
1481833
8
17
10
1331
12
613
13
521
14
3907
24
2377
25
1801
26
53
29
59
30
961
32
6689
33
67
38
2311997
39
134863
40
41
43
96260833